   3.6309740e-02   1.0674909e-04
   4.7522422e-01   3.3814235e-05
   1.3806536e+01   6.1015399e-04
   4.1737255e+01   1.6489829e-03
   7.1764574e+01   2.7675614e-03
   1.0168202e+02   3.8892048e-03
   1.3164103e+02   5.0075343e-03
   1.6168716e+02   6.1321597e-03
   1.9164683e+02   7.2553938e-03
   2.2159389e+02   8.3691293e-03
   2.5157292e+02   9.4957965e-03
   2.8155089e+02   1.0616235e-02
   3.1150899e+02   1.1730431e-02
   3.4145241e+02   1.2848262e-02
   3.7142953e+02   1.3971863e-02
   4.0144385e+02   1.5090672e-02
   4.3142181e+02   1.6212020e-02
   4.6290233e+02   1.7330991e-02
   4.9287340e+02   1.8441611e-02
   5.2135316e+02   1.9568716e-02
   5.5128445e+02   2.0676304e-02
   5.8120538e+02   2.1791102e-02
   6.1118939e+02   2.2912271e-02
   6.4117346e+02   2.4031013e-02
   6.7115656e+02   2.5142252e-02
   7.0109882e+02   2.6260987e-02
   7.3112711e+02   2.7382894e-02
   7.6114246e+02   2.8496009e-02
   7.9105557e+02   2.9608475e-02
   8.2109167e+02   3.0726924e-02
   8.5109213e+02   3.1837024e-02
   8.8091531e+02   3.2948518e-02
   9.1086920e+02   3.4065362e-02
   9.4087744e+02   3.5182045e-02
   9.7080872e+02   3.6298272e-02
   1.0007609e+03   3.7408126e-02
   1.0307518e+03   3.8523987e-02
   1.0607963e+03   3.9639590e-02
   1.0907320e+03   4.0750450e-02
   1.1206857e+03   4.1862148e-02
   1.1507009e+03   4.2980676e-02
   1.1806304e+03   4.4089567e-02
   1.2104864e+03   4.5195631e-02
   1.2403873e+03   4.6306626e-02
   1.2703834e+03   4.7414735e-02
   1.3002966e+03   4.8522040e-02
   1.3302261e+03   4.9632589e-02
   1.3602777e+03   5.0745869e-02
   1.3903275e+03   5.1853552e-02
   1.4202908e+03   5.2955470e-02
   1.4502195e+03   5.4062295e-02
   1.4801732e+03   5.5179218e-02
   1.5101711e+03   5.6281973e-02
   1.5401689e+03   5.7384182e-02
   1.5701340e+03   5.8498266e-02
   1.6001345e+03   5.9606149e-02
   1.6301437e+03   6.0713559e-02
   1.6601010e+03   6.1808132e-02
   1.6900504e+03   6.2926784e-02
   1.7200327e+03   6.4031524e-02
   1.7499070e+03   6.5134460e-02
   1.7797294e+03   6.6229191e-02
   1.8096987e+03   6.7340017e-02
   1.8397165e+03   6.8435189e-02
   1.8696278e+03   6.9540569e-02
   1.8995963e+03   7.0647439e-02
   1.9296510e+03   7.1748844e-02
   1.9596852e+03   7.2850750e-02
   1.9896428e+03   7.3954764e-02
   2.0195785e+03   7.5052172e-02
   2.0495903e+03   7.6150431e-02
   2.0780146e+03   7.7256488e-02
   2.1079832e+03   7.8362414e-02
   2.1395415e+03   7.9463086e-02
   2.1694814e+03   8.0566300e-02
   2.1994344e+03   8.1662749e-02
   2.2294531e+03   8.2765757e-02
   2.2594751e+03   8.3869915e-02
   2.2894694e+03   8.4966817e-02
   2.3193877e+03   8.6066269e-02
   2.3493276e+03   8.7165399e-02
   2.3778594e+03   8.8250250e-02
   2.4078694e+03   8.9363342e-02
   2.4377971e+03   9.0460795e-02
   2.4677969e+03   9.1552919e-02
   2.4993215e+03   9.2649619e-02
   2.5277545e+03   9.3745041e-02
   2.5576979e+03   9.4826935e-02
   2.5891680e+03   9.5931695e-02
   2.6191193e+03   9.7030018e-02
   2.6489633e+03   9.8111762e-02
   2.6787769e+03   9.9215342e-02
   2.7086284e+03   1.0029665e-01
   2.7369922e+03   1.0137717e-01
   2.7668473e+03   1.0246753e-01
   2.7982101e+03   1.0355668e-01
   2.8267062e+03   1.0463326e-01
   2.8551687e+03   1.0571303e-01
   2.8851807e+03   1.0679960e-01
   2.9167607e+03   1.0788076e-01
   2.9466962e+03   1.0895859e-01
   3.0006324e+03   1.1112099e-01
   3.0456090e+03   1.1219098e-01
   3.0651073e+03   1.1326645e-01
   3.0950967e+03   1.1436556e-01
   3.1250963e+03   1.1543082e-01
   3.1551158e+03   1.1652069e-01
   3.1850879e+03   1.1759414e-01
   3.2166239e+03   1.1868189e-01
   3.2466132e+03   1.1975465e-01
   3.2750858e+03   1.2083344e-01
   3.3065845e+03   1.2192038e-01
   3.3380642e+03   1.2299592e-01
   3.3665933e+03   1.2405524e-01
   3.3950521e+03   1.2515765e-01
   3.4249637e+03   1.2621681e-01
   3.4564885e+03   1.2728237e-01
   3.4880070e+03   1.2836967e-01
   3.5165836e+03   1.2944550e-01
   3.5452856e+03   1.3053834e-01
   3.5753234e+03   1.3160534e-01
   3.6052823e+03   1.3268789e-01
   3.6368175e+03   1.3376054e-01
   3.6667947e+03   1.3483676e-01
   3.6952673e+03   1.3588697e-01
   3.7253447e+03   1.3697378e-01
   3.7553433e+03   1.3804836e-01
   3.7853109e+03   1.3911807e-01
   3.8153715e+03   1.4018586e-01
   3.8468607e+03   1.4126053e-01
   3.8768353e+03   1.4234360e-01
   3.9053403e+03   1.4341184e-01
   3.9353330e+03   1.4448319e-01
   3.9653534e+03   1.4555895e-01
   3.9953694e+03   1.4662011e-01
   4.0253384e+03   1.4769866e-01
   4.0553751e+03   1.4876828e-01
   4.0853733e+03   1.4982612e-01
   4.1153186e+03   1.5088550e-01
   4.1452986e+03   1.5196742e-01
   4.1752974e+03   1.5303009e-01
   4.2053149e+03   1.5410298e-01
   4.2352947e+03   1.5516884e-01
   4.2653047e+03   1.5623621e-01
   4.2952783e+03   1.5730244e-01
   4.3252312e+03   1.5835659e-01
   4.3552351e+03   1.5942300e-01
   4.3852781e+03   1.6048821e-01
   4.4167007e+03   1.6155300e-01
   4.4466484e+03   1.6261655e-01
   4.4751448e+03   1.6367375e-01
   4.5050718e+03   1.6475446e-01
   4.5350481e+03   1.6580440e-01
   4.5650408e+03   1.6686340e-01
   4.5950583e+03   1.6790124e-01
   4.6250598e+03   1.6897712e-01
   4.6550476e+03   1.7003882e-01
   4.6850063e+03   1.7110351e-01
   4.7150229e+03   1.7216754e-01
   4.7450383e+03   1.7322181e-01
   4.7750217e+03   1.7426414e-01
   4.8050352e+03   1.7531864e-01
   4.8350762e+03   1.7640234e-01
   4.8650742e+03   1.7743542e-01
   4.8950542e+03   1.7850087e-01
   4.9250710e+03   1.7955424e-01
   4.9550120e+03   1.8059979e-01
   4.9849976e+03   1.8166931e-01
   5.0149771e+03   1.8271666e-01
   5.0449871e+03   1.8377609e-01
   5.0749814e+03   1.8481899e-01
   5.1049622e+03   1.8585733e-01
   5.1349453e+03   1.8690906e-01
   5.1649458e+03   1.8796083e-01
   5.1949844e+03   1.8901277e-01
   5.2249392e+03   1.9004463e-01
   5.2549546e+03   1.9111395e-01
   5.2848926e+03   1.9216173e-01
   5.3147080e+03   1.9319603e-01
   5.3431333e+03   1.9424611e-01
   5.3731060e+03   1.9527417e-01
   5.4045632e+03   1.9632584e-01
   5.4345940e+03   1.9737558e-01
   5.4645962e+03   1.9841247e-01
   5.4945952e+03   1.9944983e-01
   5.5246001e+03   2.0049118e-01
   5.5545286e+03   2.0154392e-01
   5.5844702e+03   2.0257301e-01
   5.6145046e+03   2.0362783e-01
   5.6444878e+03   2.0466232e-01
   5.6744285e+03   2.0571154e-01
   5.7044670e+03   2.0673401e-01
   5.7345386e+03   2.0779747e-01
   5.7645193e+03   2.0881128e-01
   5.7944990e+03   2.0986034e-01
   5.8245320e+03   2.1088759e-01
   5.8545066e+03   2.1192246e-01
   5.8845012e+03   2.1295304e-01
   5.9145344e+03   2.1398450e-01
   5.9445283e+03   2.1502181e-01
   5.9744839e+03   2.1605485e-01
   6.0045420e+03   2.1708276e-01
   6.0345459e+03   2.1811003e-01
   6.0644653e+03   2.1915128e-01
   6.0945056e+03   2.2017877e-01
   6.1244800e+03   2.2121858e-01
   6.1544077e+03   2.2224173e-01
   6.1842847e+03   2.2327295e-01
   6.2141963e+03   2.2429569e-01
   6.2427539e+03   2.2529533e-01
   6.2727173e+03   2.2633227e-01
   6.3026833e+03   2.2735435e-01
   6.3327505e+03   2.2838840e-01
   6.3642805e+03   2.2941019e-01
   6.3942310e+03   2.3043828e-01
   6.4242043e+03   2.3145018e-01
   6.4542107e+03   2.3248120e-01
   6.4826772e+03   2.3350070e-01
   6.5111555e+03   2.3452287e-01
   6.5411760e+03   2.3552964e-01
   6.5726243e+03   2.3654804e-01
   6.6041042e+03   2.3756469e-01
   6.6326438e+03   2.3856925e-01
   6.6611182e+03   2.3959713e-01
   6.6911353e+03   2.4060208e-01
   6.7226704e+03   2.4162565e-01
   6.7526467e+03   2.4264224e-01
   6.7826309e+03   2.4365836e-01
   6.8126035e+03   2.4467889e-01
   6.8410596e+03   2.4569004e-01
   6.8725754e+03   2.4669267e-01
   6.9041201e+03   2.4769465e-01
   6.9326582e+03   2.4870267e-01
   6.9611448e+03   2.4971468e-01
   6.9926001e+03   2.5073188e-01
   7.0241069e+03   2.5173157e-01
   7.0526313e+03   2.5272814e-01
   7.0812056e+03   2.5375567e-01
   7.1113059e+03   2.5476845e-01
   7.1428562e+03   2.5577309e-01
   7.1728125e+03   2.5676419e-01
   7.2012717e+03   2.5777204e-01
   7.2312852e+03   2.5877142e-01
   7.2613374e+03   2.5977340e-01
   7.2913015e+03   2.6077379e-01
   7.3212458e+03   2.6177217e-01
   7.3513000e+03   2.6275892e-01
   7.3812695e+03   2.6377193e-01
   7.4111809e+03   2.6475604e-01
   7.4411460e+03   2.6576808e-01
   7.4712002e+03   2.6677281e-01
   7.5012307e+03   2.6775216e-01
   7.5311765e+03   2.6873870e-01
   7.5611768e+03   2.6973385e-01
   7.5912104e+03   2.7072712e-01
   7.6212253e+03   2.7171209e-01
   7.6512395e+03   2.7270447e-01
   7.6812124e+03   2.7370796e-01
   7.7112065e+03   2.7469632e-01
   7.7426577e+03   2.7568937e-01
   7.7726292e+03   2.7666921e-01
   7.8011763e+03   2.7765727e-01
   7.8311892e+03   2.7863774e-01
   7.8610977e+03   2.7961216e-01
   7.8910884e+03   2.8058946e-01
   7.9176951e+03   2.7740990e-01
   7.9478848e+03   2.8240805e-01
   7.9816306e+03   2.8348737e-01
   8.0115950e+03   2.8450326e-01
   8.0414448e+03   2.8551221e-01
   8.0713269e+03   2.8650304e-01
   8.1012036e+03   2.8748966e-01
   8.1311836e+03   2.8845190e-01
   8.1611211e+03   2.8940662e-01
   8.1910107e+03   2.9038124e-01
   8.2210142e+03   2.9134331e-01
   8.2509927e+03   2.9231447e-01
   8.2809731e+03   2.9328238e-01
   8.3109736e+03   2.9426521e-01
   8.3409629e+03   2.9523207e-01
   8.3709604e+03   2.9621881e-01
   8.4009170e+03   2.9718004e-01
   8.4309067e+03   2.9816253e-01
   8.4608730e+03   2.9912394e-01
   8.4908623e+03   3.0010552e-01
   8.5208799e+03   3.0107447e-01
   8.5508955e+03   3.0202657e-01
   8.5808809e+03   3.0299839e-01
   8.6108306e+03   3.0398328e-01
   8.6408569e+03   3.0492532e-01
   8.6708149e+03   3.0591149e-01
   8.7008193e+03   3.0684494e-01
   8.7308672e+03   3.0781276e-01
   8.7608169e+03   3.0877334e-01
   8.7908110e+03   3.0973907e-01
   8.8207886e+03   3.1070506e-01
   8.8506548e+03   3.1163111e-01
   8.8805312e+03   3.1258689e-01
   8.9104844e+03   3.1353767e-01
   8.9404829e+03   3.1450121e-01
   8.9704990e+03   3.1546987e-01
   9.0005190e+03   3.1642483e-01
   9.0305571e+03   3.1738304e-01
   9.0604858e+03   3.1832429e-01
   9.0904043e+03   3.1926446e-01
   9.1204165e+03   3.2021130e-01
   9.1504702e+03   3.2118186e-01
   9.1804419e+03   3.2208727e-01
   9.2103315e+03   3.2305111e-01
   9.2403687e+03   3.2401456e-01
   9.2704014e+03   3.2493182e-01
   9.3003682e+03   3.2591445e-01
   9.3303398e+03   3.2685068e-01
   9.3603110e+03   3.2777966e-01
   9.3903218e+03   3.2873161e-01
   9.4188735e+03   3.2968782e-01
   9.4488472e+03   3.3060700e-01
   9.4803647e+03   3.3153646e-01
   9.5104185e+03   3.3246984e-01
   9.5403467e+03   3.3344169e-01
   9.5703340e+03   3.3438001e-01
   9.6003550e+03   3.3529952e-01
   9.6303154e+03   3.3622892e-01
   9.6603306e+03   3.3716235e-01
   9.6903354e+03   3.3809350e-01
   9.7202573e+03   3.3902007e-01
   9.7501689e+03   3.3994635e-01
   9.7786514e+03   3.4089177e-01
   9.8086567e+03   3.4179148e-01
   9.8401187e+03   3.4273289e-01
   9.8700952e+03   3.4365438e-01
   9.9000889e+03   3.4456715e-01
   9.9300898e+03   3.4551392e-01
   9.9600913e+03   3.4643175e-01
   9.9885571e+03   3.4737687e-01
   1.0018532e+04   3.4826836e-01
   1.0048511e+04   3.4918858e-01
   1.0077008e+04   3.5013837e-01
   1.0108491e+04   3.5101343e-01
   1.0138476e+04   3.5195455e-01
   1.0167058e+04   3.5288146e-01
   1.0197079e+04   3.5380315e-01
   1.0228521e+04   3.5471979e-01
   1.0260075e+04   3.5562669e-01
   1.0290071e+04   3.5650242e-01
   1.0319972e+04   3.5746376e-01
   1.0350014e+04   3.5836567e-01
   1.0378481e+04   3.5926647e-01
   1.0408395e+04   3.6019951e-01
   1.0439897e+04   3.6109854e-01
   1.0468443e+04   3.6199753e-01
   1.0496951e+04   3.6292136e-01
   1.0526931e+04   3.6376695e-01
   1.0556928e+04   3.6470235e-01
   1.0586958e+04   3.6559876e-01
   1.0616960e+04   3.6653647e-01
   1.0648411e+04   3.6742875e-01
   1.0678399e+04   3.6835344e-01
   1.0706864e+04   3.6927993e-01
   1.0738372e+04   3.7017090e-01
   1.0768380e+04   3.7103991e-01
   1.0796919e+04   3.7193434e-01
   1.0826915e+04   3.7283132e-01
   1.0856857e+04   3.7373836e-01
   1.0888364e+04   3.7462071e-01
   1.0919847e+04   3.7552235e-01
   1.0948314e+04   3.7639923e-01
   1.0976799e+04   3.7729434e-01
   1.1006832e+04   3.7821643e-01
   1.1036807e+04   3.7909897e-01
   1.1066807e+04   3.7997464e-01
   1.1096809e+04   3.8082309e-01
   1.1126870e+04   3.8174687e-01
   1.1158356e+04   3.8262827e-01
   1.1188282e+04   3.8355089e-01
   1.1216837e+04   3.8440581e-01
   1.1246888e+04   3.8528364e-01
   1.1278326e+04   3.8614678e-01
   1.1309719e+04   3.8701545e-01
   1.1338213e+04   3.8791913e-01
   1.1366723e+04   3.8882510e-01
   1.1396729e+04   3.8964519e-01
   1.1428214e+04   3.9054977e-01
   1.1458183e+04   3.9139089e-01
   1.1486630e+04   3.9224207e-01
   1.1516590e+04   3.9320703e-01
   1.1546602e+04   3.9408667e-01
   1.1576566e+04   3.9489495e-01
   1.1606512e+04   3.9582648e-01
   1.1636524e+04   3.9667446e-01
   1.1666502e+04   3.9751685e-01
   1.1696500e+04   3.9841789e-01
   1.1726526e+04   3.9926018e-01
   1.1756505e+04   4.0011421e-01
   1.1786502e+04   4.0100880e-01
   1.1816489e+04   4.0187126e-01
   1.1846458e+04   4.0272545e-01
   1.1876434e+04   4.0362441e-01
   1.1906368e+04   4.0445920e-01
   1.1936355e+04   4.0533161e-01
   1.1966412e+04   4.0621945e-01
   1.1996425e+04   4.0705561e-01
   1.2026458e+04   4.0797804e-01
   1.2056453e+04   4.0878642e-01
   1.2086419e+04   4.0964139e-01
   1.2116426e+04   4.1048756e-01
   1.2146436e+04   4.1137443e-01
   1.2176385e+04   4.1222614e-01
   1.2206292e+04   4.1306064e-01
   1.2236302e+04   4.1388604e-01
   1.2266302e+04   4.1478502e-01
   1.2296274e+04   4.1561974e-01
   1.2326343e+04   4.1649171e-01
   1.2356400e+04   4.1734552e-01
   1.2386186e+04   4.1815753e-01
   1.2416030e+04   4.1902853e-01
   1.2446034e+04   4.1985440e-01
   1.2476024e+04   4.2071086e-01
   1.2506064e+04   4.2155772e-01
   1.2536066e+04   4.2240287e-01
   1.2566049e+04   4.2321840e-01
   1.2595984e+04   4.2412219e-01
   1.2625957e+04   4.2492638e-01
   1.2656007e+04   4.2575069e-01
   1.2685995e+04   4.2654065e-01
   1.2715925e+04   4.2741030e-01
   1.2745958e+04   4.2822208e-01
   1.2775985e+04   4.2909814e-01
   1.2805946e+04   4.2991674e-01
   1.2835957e+04   4.3077728e-01
   1.2865948e+04   4.3160275e-01
   1.2895974e+04   4.3239657e-01
   1.2925952e+04   4.3323012e-01
   1.2955909e+04   4.3409805e-01
   1.2985927e+04   4.3490813e-01
   1.3015954e+04   4.3569811e-01
   1.3045914e+04   4.3652500e-01
   1.3075849e+04   4.3731434e-01
   1.3105881e+04   4.3813135e-01
   1.3135881e+04   4.3895286e-01
   1.3165861e+04   4.3983547e-01
   1.3195859e+04   4.4066560e-01
   1.3224373e+04   4.4150218e-01
   1.3254294e+04   4.4232244e-01
   1.3285682e+04   4.4312498e-01
   1.3315673e+04   4.4392107e-01
   1.3345755e+04   4.4471663e-01
   1.3375761e+04   4.4553142e-01
   1.3405694e+04   4.4640831e-01
   1.3435710e+04   4.4717003e-01
   1.3465688e+04   4.4799524e-01
   1.3495589e+04   4.4882339e-01
   1.3525555e+04   4.4959102e-01
   1.3555578e+04   4.5041348e-01
   1.3584080e+04   4.5122940e-01
   1.3614077e+04   4.5204488e-01
   1.3645610e+04   4.5287390e-01
   1.3675672e+04   4.5366119e-01
   1.3705644e+04   4.5446453e-01
   1.3735632e+04   4.5529856e-01
   1.3764123e+04   4.5604890e-01
   1.3794167e+04   4.5683800e-01
   1.3825668e+04   4.5768294e-01
   1.3855627e+04   4.5843931e-01
   1.3885643e+04   4.5924275e-01
   1.3915590e+04   4.6004919e-01
   1.3945545e+04   4.6085318e-01
   1.3975461e+04   4.6164351e-01
   1.4003929e+04   4.6245579e-01
   1.4033964e+04   4.6326883e-01
   1.4065450e+04   4.6402258e-01
   1.4094029e+04   4.6481746e-01
   1.4124080e+04   4.6557576e-01
   1.4154022e+04   4.6643621e-01
   1.4184053e+04   4.6724879e-01
   1.4214067e+04   4.6801687e-01
   1.4242614e+04   4.6875029e-01
   1.4272588e+04   4.6956233e-01
   1.4302474e+04   4.7037083e-01
   1.4332477e+04   4.7114888e-01
   1.4362531e+04   4.7189824e-01
   1.4394114e+04   4.7267853e-01
   1.4424079e+04   4.7344986e-01
   1.4452559e+04   4.7423854e-01
   1.4484035e+04   4.7500868e-01
   1.4513961e+04   4.7580457e-01
   1.4543958e+04   4.7656899e-01
   1.4573952e+04   4.7738440e-01
   1.4603933e+04   4.7812232e-01
   1.4635440e+04   4.7891734e-01
   1.4663984e+04   4.7968927e-01
   1.4692472e+04   4.8046065e-01
   1.4722439e+04   4.8122604e-01
   1.4753900e+04   4.8199009e-01
   1.4783923e+04   4.8275296e-01
   1.4813952e+04   4.8351914e-01
   1.4843940e+04   4.8429627e-01
   1.4872447e+04   4.8507198e-01
   1.4902460e+04   4.8585722e-01
   1.4932421e+04   4.8656395e-01
   1.4962350e+04   4.8736762e-01
   1.4992390e+04   4.8811525e-01
   1.5022350e+04   4.8889350e-01
   1.5052251e+04   4.8968339e-01
   1.5082205e+04   4.9039822e-01
   1.5112209e+04   4.9115281e-01
   1.5142256e+04   4.9193285e-01
   1.5173697e+04   4.9266285e-01
   1.5203642e+04   4.9341390e-01
   1.5232166e+04   4.9417835e-01
   1.5262205e+04   4.9491984e-01
   1.5293726e+04   4.9566771e-01
   1.5323714e+04   4.9640508e-01
   1.5352225e+04   4.9721156e-01
   1.5382203e+04   4.9792582e-01
   1.5412182e+04   4.9865662e-01
   1.5442218e+04   4.9942405e-01
   1.5472131e+04   5.0014021e-01
   1.5502098e+04   5.0088960e-01
   1.5532185e+04   5.0164582e-01
   1.5562243e+04   5.0237623e-01
   1.5592234e+04   5.0312742e-01
   1.5622166e+04   5.0388087e-01
   1.5652132e+04   5.0463354e-01
   1.5682134e+04   5.0536031e-01
   1.5712112e+04   5.0610318e-01
   1.5742108e+04   5.0687401e-01
   1.5772157e+04   5.0755355e-01
   1.5802112e+04   5.0827213e-01
   1.5832044e+04   5.0902898e-01
   1.5862066e+04   5.0973734e-01
   1.5892114e+04   5.1051264e-01
   1.5921949e+04   5.1122911e-01
   1.5951789e+04   5.1192373e-01
   1.5983352e+04   5.1264888e-01
   1.6013370e+04   5.1336381e-01
   1.6041822e+04   5.1413533e-01
   1.6071706e+04   5.1485223e-01
   1.6101699e+04   5.1556288e-01
   1.6131688e+04   5.1627510e-01
   1.6161657e+04   5.1703765e-01
   1.6191689e+04   5.1775987e-01
   1.6595033e+04   5.3592400e-01
   1.6983400e+04   5.3670263e-01
   1.6999939e+04   5.3744943e-01
   1.7031477e+04   5.3812772e-01
   1.7061453e+04   5.3883217e-01
   1.7091443e+04   5.3950433e-01
   1.7121410e+04   5.4022028e-01
   1.7151405e+04   5.4085675e-01
   1.7181412e+04   5.4153776e-01
   1.7211382e+04   5.4222165e-01
   1.7241371e+04   5.4289187e-01
   1.7271346e+04   5.4360495e-01
   1.7301324e+04   5.4420200e-01
   1.7331376e+04   5.4488449e-01
   1.7361409e+04   5.4569884e-01
   1.7391334e+04   5.4638471e-01
   1.7421292e+04   5.4698798e-01
   1.7451286e+04   5.4778739e-01
   1.7481276e+04   5.4844943e-01
   1.7511329e+04   5.4905421e-01
   1.7541384e+04   5.4973201e-01
   1.7571280e+04   5.5042881e-01
   1.7601234e+04   5.5116991e-01
   1.7629789e+04   5.5179377e-01
   1.7658308e+04   5.5238419e-01
   1.7688438e+04   5.5317159e-01
   1.7720056e+04   5.5377542e-01
   1.7751582e+04   5.5448018e-01
   1.7781615e+04   5.5517750e-01
   1.7810056e+04   5.5581067e-01
   1.7838487e+04   5.5650539e-01
   1.7869995e+04   5.5706390e-01
   1.7901471e+04   5.5783811e-01
   1.7931486e+04   5.5849972e-01
   1.7961474e+04   5.5920127e-01
   1.7989928e+04   5.5986438e-01
   1.8018419e+04   5.6060962e-01
   1.8049915e+04   5.6118422e-01
   1.8079942e+04   5.6185389e-01
   1.8108477e+04   5.6254604e-01
   1.8140000e+04   5.6316059e-01
   1.8170003e+04   5.6384068e-01
   1.8200010e+04   5.6452158e-01
   1.8229999e+04   5.6518127e-01
   1.8258494e+04   5.6575635e-01
   1.8288491e+04   5.6646254e-01
   1.8319981e+04   5.6710970e-01
   1.8349959e+04   5.6780689e-01
   1.8379927e+04   5.6840701e-01
   1.8409942e+04   5.6915292e-01
   1.8438436e+04   5.6970276e-01
   1.8468452e+04   5.7037696e-01
   1.8498407e+04   5.7108035e-01
   1.8528335e+04   5.7168253e-01
   1.8558400e+04   5.7240214e-01
   1.8588363e+04   5.7288664e-01
   1.8619758e+04   5.7364895e-01
   1.8649736e+04   5.7429926e-01
   1.8678217e+04   5.7494671e-01
   1.8708206e+04   5.7560783e-01
   1.8739714e+04   5.7625218e-01
   1.8769730e+04   5.7686619e-01
   1.8799729e+04   5.7745388e-01
   1.8829682e+04   5.7817136e-01
   1.8858180e+04   5.7882227e-01
   1.8888196e+04   5.7939427e-01
   1.8918171e+04   5.8004420e-01
   1.8948136e+04   5.8071374e-01
   1.8979597e+04   5.8133210e-01
   1.9009610e+04   5.8193839e-01
   1.9038178e+04   5.8260674e-01
   1.9068194e+04   5.8324548e-01
   1.9098199e+04   5.8385626e-01
   1.9128185e+04   5.8452697e-01
   1.9158138e+04   5.8515816e-01
   1.9188141e+04   5.8575920e-01
   1.9218165e+04   5.8634906e-01
   1.9248111e+04   5.8705185e-01
   1.9278076e+04   5.8767574e-01
   1.9308121e+04   5.8824093e-01
   1.9338128e+04   5.8888955e-01
   1.9368115e+04   5.8951911e-01
   1.9398100e+04   5.9012912e-01
   1.9428067e+04   5.9079600e-01
   1.9457914e+04   5.9143410e-01
   1.9487814e+04   5.9202434e-01
   1.9517816e+04   5.9262987e-01
   1.9547785e+04   5.9325932e-01
   1.9577829e+04   5.9385596e-01
   1.9607798e+04   5.9449129e-01
   1.9637739e+04   5.9505814e-01
   1.9667749e+04   5.9570450e-01
   1.9697739e+04   5.9626813e-01
   1.9727744e+04   5.9692190e-01
   1.9757719e+04   5.9758575e-01
   1.9787704e+04   5.9815158e-01
   1.9817701e+04   5.9874445e-01
   1.9847684e+04   5.9941332e-01
   1.9877728e+04   5.9994601e-01
   1.9907729e+04   6.0056572e-01
   1.9937714e+04   6.0118417e-01
   1.9967752e+04   6.0181533e-01
   1.9997733e+04   6.0241197e-01
   2.0027759e+04   6.0302770e-01
   2.0057805e+04   6.0361173e-01
   2.0087758e+04   6.0421434e-01
   2.0117715e+04   6.0480077e-01
   2.0147671e+04   6.0539735e-01
   2.0177647e+04   6.0605714e-01
   2.0207680e+04   6.0654346e-01
   2.0237716e+04   6.0719809e-01
   2.0267735e+04   6.0780487e-01
   2.0297731e+04   6.0839842e-01
   2.0327692e+04   6.0901778e-01
   2.0357599e+04   6.0958318e-01
   2.0387544e+04   6.1020281e-01
   2.0417514e+04   6.1078676e-01
   2.0447435e+04   6.1139501e-01
   2.0477436e+04   6.1193860e-01
   2.0507462e+04   6.1254740e-01
   2.0537488e+04   6.1316767e-01
   2.0567479e+04   6.1367103e-01
   2.0597421e+04   6.1427002e-01
   2.0627421e+04   6.1493048e-01
   2.0657455e+04   6.1549029e-01
   2.0687453e+04   6.1605504e-01
   2.0717406e+04   6.1666509e-01
   2.0747345e+04   6.1722871e-01
   2.0777364e+04   6.1779991e-01
   2.0807449e+04   6.1845368e-01
   2.0837476e+04   6.1899699e-01
   2.0867491e+04   6.1956241e-01
   2.0897443e+04   6.2013820e-01
   2.0927432e+04   6.2071537e-01
   2.0957430e+04   6.2126434e-01
   2.0987453e+04   6.2192546e-01
   2.1017454e+04   6.2240174e-01
   2.1047394e+04   6.2298746e-01
   2.1077419e+04   6.2357038e-01
   2.1107447e+04   6.2420256e-01
   2.1137406e+04   6.2470318e-01
   2.1167287e+04   6.2534742e-01
   2.1197304e+04   6.2584641e-01
   2.1225979e+04   6.2647466e-01
   2.1254605e+04   6.2698199e-01
   2.1286141e+04   6.2760146e-01
   2.1317634e+04   6.2816202e-01
   2.1347644e+04   6.2863122e-01
   2.1377624e+04   6.2930565e-01
   2.1406070e+04   6.2986461e-01
   2.1436035e+04   6.3045942e-01
   2.1467521e+04   6.3098824e-01
   2.1497537e+04   6.3156697e-01
   2.1526066e+04   6.3209808e-01
   2.1554563e+04   6.3266537e-01
   2.1584499e+04   6.3320593e-01
   2.1616000e+04   6.3376925e-01
   2.1646053e+04   6.3432307e-01
   2.1674533e+04   6.3493458e-01
   2.1706080e+04   6.3547819e-01
   2.1737625e+04   6.3603077e-01
   2.1766080e+04   6.3655728e-01
   2.1794532e+04   6.3712814e-01
   2.1824624e+04   6.3772194e-01
   2.1854661e+04   6.3822294e-01
   2.1884581e+04   6.3873363e-01
   2.1914547e+04   6.3931610e-01
   2.1944489e+04   6.3986823e-01
   2.1974499e+04   6.4049923e-01
   2.2005978e+04   6.4092925e-01
   2.2035940e+04   6.4155489e-01
   2.2064450e+04   6.4211333e-01
   2.2095997e+04   6.4269239e-01
   2.2125935e+04   6.4316888e-01
   2.2154308e+04   6.4373691e-01
   2.2185828e+04   6.4423487e-01
   2.2215849e+04   6.4482874e-01
   2.2244306e+04   6.4538469e-01
   2.2274298e+04   6.4579223e-01
   2.2305773e+04   6.4639846e-01
   2.2337236e+04   6.4696979e-01
   2.2365735e+04   6.4748763e-01
   2.2394230e+04   6.4799468e-01
   2.2424261e+04   6.4851865e-01
   2.2454277e+04   6.4911520e-01
   2.2484244e+04   6.4961938e-01
   2.2514245e+04   6.5017096e-01
   2.2544273e+04   6.5074210e-01
   2.2574264e+04   6.5121512e-01
   2.2605751e+04   6.5179461e-01
   2.2635749e+04   6.5233041e-01
   2.2664208e+04   6.5281127e-01
   2.2694210e+04   6.5330621e-01
   2.2724221e+04   6.5393428e-01
   2.2754240e+04   6.5439569e-01
   2.2784247e+04   6.5488983e-01
   2.2814206e+04   6.5547814e-01
   2.2844193e+04   6.5597024e-01
   2.2874151e+04   6.5645322e-01
   2.2905688e+04   6.5708376e-01
   2.2935752e+04   6.5755198e-01
   2.2964227e+04   6.5804706e-01
   2.2994000e+04   6.5858865e-01
   2.3023851e+04   6.5911859e-01
   2.3053923e+04   6.5964001e-01
   2.3083949e+04   6.6017628e-01
   2.3113891e+04   6.6068127e-01
   2.3143884e+04   6.6121820e-01
   2.3173922e+04   6.6167839e-01
   2.3203922e+04   6.6230781e-01
   2.3233867e+04   6.6274352e-01
   2.3263775e+04   6.6322324e-01
   2.3293773e+04   6.6378072e-01
   2.3323790e+04   6.6427454e-01
   2.3353794e+04   6.6477571e-01
   2.3383807e+04   6.6532548e-01
   2.3413851e+04   6.6583355e-01
   2.3443856e+04   6.6620867e-01
   2.3473802e+04   6.6682336e-01
   2.3503856e+04   6.6732394e-01
   2.3533883e+04   6.6790871e-01
   2.3563822e+04   6.6828975e-01
   2.3593759e+04   6.6873538e-01
   2.3623735e+04   6.6936381e-01
   2.3653801e+04   6.6979097e-01
   2.3682284e+04   6.7036891e-01
   2.3712251e+04   6.7084917e-01
   2.3743735e+04   6.7139921e-01
   2.3773734e+04   6.7178711e-01
   2.3803732e+04   6.7236413e-01
   2.3833786e+04   6.7287056e-01
   2.3863823e+04   6.7330481e-01
   2.3893709e+04   6.7385722e-01
   2.3923596e+04   6.7428793e-01
   2.3953583e+04   6.7480929e-01
   2.3983599e+04   6.7528601e-01
   2.4013543e+04   6.7580104e-01
   2.4043528e+04   6.7631473e-01
   2.4073590e+04   6.7679965e-01
   2.4103507e+04   6.7726435e-01
   2.4133429e+04   6.7767448e-01
   2.4163516e+04   6.7822617e-01
   2.4193533e+04   6.7863821e-01
   2.4223481e+04   6.7919562e-01
   2.4253461e+04   6.7969280e-01
   2.4283477e+04   6.8019136e-01
   2.4313494e+04   6.8073884e-01
   2.4343521e+04   6.8131014e-01
   2.4372061e+04   6.8163291e-01
   2.4402036e+04   6.8218434e-01
   2.4433501e+04   6.8262852e-01
   2.4463514e+04   6.8314127e-01
   2.4493539e+04   6.8359943e-01
   2.4523512e+04   6.8406113e-01
   2.4553433e+04   6.8457565e-01
   2.4583377e+04   6.8499501e-01
   2.4613434e+04   6.8562194e-01
   2.4643517e+04   6.8591247e-01
   2.4673470e+04   6.8653394e-01
   2.4703463e+04   6.8701226e-01
   2.4733498e+04   6.8743460e-01
   2.4763466e+04   6.8802780e-01
   2.4791943e+04   6.8843402e-01
   2.4820431e+04   6.8888405e-01
   2.4850408e+04   6.8946006e-01
   2.4880409e+04   6.8985078e-01
   2.4911942e+04   6.9035880e-01
   2.4941960e+04   6.9073747e-01
   2.4970492e+04   6.9129840e-01
   2.5001960e+04   6.9172146e-01
   2.5033390e+04   6.9213060e-01
   2.5063423e+04   6.9272080e-01
   2.5093457e+04   6.9312139e-01
   2.5123435e+04   6.9357326e-01
   2.5153414e+04   6.9409198e-01
   2.5181900e+04   6.9451952e-01
   2.5211876e+04   6.9490949e-01
   2.5243419e+04   6.9551709e-01
   2.5273451e+04   6.9601465e-01
   2.5301930e+04   6.9645137e-01
   2.5331882e+04   6.9690977e-01
   2.5361909e+04   6.9735200e-01
   2.5390410e+04   6.9787916e-01
   2.5420395e+04   6.9831264e-01
   2.5451875e+04   6.9881263e-01
   2.5481844e+04   6.9924134e-01
   2.5510375e+04   6.9973101e-01
   2.5541812e+04   7.0019102e-01
   2.5573344e+04   7.0061405e-01
   2.5603374e+04   7.0107295e-01
   2.5631805e+04   7.0154260e-01
   2.5661711e+04   7.0198994e-01
   2.5691634e+04   7.0245350e-01
   2.5720118e+04   7.0290586e-01
   2.5750114e+04   7.0336949e-01
   2.5781626e+04   7.0384149e-01
   2.5813120e+04   7.0424069e-01
   2.5841640e+04   7.0475784e-01
   2.5870127e+04   7.0518555e-01
   2.5900107e+04   7.0557190e-01
   2.5931633e+04   7.0605930e-01
   2.5961625e+04   7.0648441e-01
   2.5991577e+04   7.0695681e-01
   2.6021581e+04   7.0737601e-01
   2.6051652e+04   7.0783534e-01
   2.6083134e+04   7.0828508e-01
   2.6111587e+04   7.0875154e-01
   2.6140159e+04   7.0922859e-01
   2.6170174e+04   7.0959938e-01
   2.6200092e+04   7.1013311e-01
   2.6230061e+04   7.1055774e-01
   2.6261594e+04   7.1090188e-01
   2.6291596e+04   7.1142339e-01
   2.6320035e+04   7.1179792e-01
   2.6350058e+04   7.1230339e-01
   2.6380104e+04   7.1274070e-01
   2.6411562e+04   7.1310987e-01
   2.6441527e+04   7.1358942e-01
   2.6470028e+04   7.1406768e-01
   2.6500030e+04   7.1449951e-01
   2.6529947e+04   7.1496899e-01
   2.6559797e+04   7.1532349e-01
   2.6589697e+04   7.1579018e-01
   2.6619748e+04   7.1621429e-01
   2.6649791e+04   7.1662063e-01
   2.6679688e+04   7.1702255e-01
   2.6709655e+04   7.1748316e-01
   2.6739715e+04   7.1792154e-01
   2.6769710e+04   7.1832217e-01
   2.6799662e+04   7.1882188e-01
   2.6829671e+04   7.1906772e-01
   2.6859680e+04   7.1956164e-01
   2.6889632e+04   7.2007976e-01
   2.6919649e+04   7.2053542e-01
   2.6949668e+04   7.2093317e-01
   2.6979630e+04   7.2136604e-01
   2.7009615e+04   7.2179103e-01
   2.7039618e+04   7.2219326e-01
   2.7069692e+04   7.2260671e-01
   2.7099696e+04   7.2307201e-01
   2.7129698e+04   7.2350462e-01
   2.7159699e+04   7.2386650e-01
   2.7189667e+04   7.2435168e-01
   2.7219658e+04   7.2471157e-01
   2.7249617e+04   7.2511273e-01
   2.7279633e+04   7.2560430e-01
   2.7309655e+04   7.2598152e-01
   2.7339615e+04   7.2639741e-01
   2.7369625e+04   7.2688445e-01
   2.7399629e+04   7.2724745e-01
   2.7429521e+04   7.2767237e-01
   2.7459452e+04   7.2812865e-01
   2.7489427e+04   7.2852737e-01
   2.7519422e+04   7.2888235e-01
   2.7549384e+04   7.2933707e-01
   2.7579367e+04   7.2966703e-01
   2.7609446e+04   7.3019335e-01
   2.7639449e+04   7.3053569e-01
   2.7669382e+04   7.3095656e-01
   2.7699377e+04   7.3132078e-01
   2.7729382e+04   7.3178767e-01
   2.7759315e+04   7.3220530e-01
   2.7789285e+04   7.3263863e-01
   2.7819333e+04   7.3299274e-01
   2.7847851e+04   7.3344512e-01
   2.7877885e+04   7.3381299e-01
   2.7909412e+04   7.3418557e-01
   2.7939429e+04   7.3460421e-01
   2.7969398e+04   7.3506679e-01
   2.7999394e+04   7.3536914e-01
   2.8029369e+04   7.3585454e-01
   2.8059310e+04   7.3623021e-01
   2.8089313e+04   7.3659018e-01
   2.8119316e+04   7.3701805e-01
   2.8149308e+04   7.3736979e-01
   2.8179285e+04   7.3784979e-01
   2.8209283e+04   7.3820258e-01
   2.8239239e+04   7.3861495e-01
   2.8269246e+04   7.3897757e-01
   2.8299298e+04   7.3943333e-01
   2.8329346e+04   7.3974064e-01
   2.8359419e+04   7.4016707e-01
   2.8389394e+04   7.4060324e-01
   2.8419317e+04   7.4098450e-01
   2.8447796e+04   7.4129886e-01
   2.8477800e+04   7.4177543e-01
   2.8507881e+04   7.4211086e-01
   2.8537849e+04   7.4255485e-01
   2.8569298e+04   7.4300703e-01
   2.8599331e+04   7.4345958e-01
   2.8629316e+04   7.4369980e-01
   2.8659283e+04   7.4417095e-01
   2.8689278e+04   7.4455796e-01
   2.8719333e+04   7.4489607e-01
   2.8749306e+04   7.4538487e-01
   2.8777777e+04   7.4574909e-01
   2.8806303e+04   7.4606758e-01
   2.8836250e+04   7.4648384e-01
   2.8866237e+04   7.4682467e-01
   2.8896214e+04   7.4728033e-01
   2.8927682e+04   7.4767735e-01
   2.8959280e+04   7.4806160e-01
   2.8989300e+04   7.4846792e-01
   2.9019229e+04   7.4886433e-01
   2.9049211e+04   7.4924780e-01
   2.9079164e+04   7.4963252e-01
   2.9109153e+04   7.5001430e-01
   2.9139201e+04   7.5033365e-01
   2.9167679e+04   7.5077163e-01
   2.9196106e+04   7.5111328e-01
   2.9226057e+04   7.5150321e-01
   2.9256024e+04   7.5188318e-01
   2.9287491e+04   7.5219478e-01
   2.9317489e+04   7.5267392e-01
   2.9347482e+04   7.5292574e-01
   2.9377421e+04   7.5334990e-01
   2.9407391e+04   7.5377892e-01
   2.9437412e+04   7.5413788e-01
   2.9467496e+04   7.5450582e-01
   2.9498968e+04   7.5492253e-01
   2.9527373e+04   7.5525076e-01
   2.9555868e+04   7.5563190e-01
   2.9585833e+04   7.5603829e-01
   2.9615872e+04   7.5635086e-01
   2.9645909e+04   7.5673213e-01
   2.9675921e+04   7.5704801e-01
   2.9705967e+04   7.5748609e-01
   2.9735920e+04   7.5768377e-01
   2.9765834e+04   7.5816548e-01
   2.9795824e+04   7.5862091e-01
   2.9825874e+04   7.5896504e-01
   2.9855839e+04   7.5925237e-01
   2.9885798e+04   7.5970148e-01
   2.9915825e+04   7.6004466e-01
   2.9945831e+04   7.6041677e-01
   2.9975765e+04   7.6074141e-01
   3.0005699e+04   7.6119049e-01
   3.0035762e+04   7.6137792e-01
   3.0065789e+04   7.6193499e-01
   3.0095634e+04   7.6219971e-01
   3.0125554e+04   7.6263985e-01
   3.0155571e+04   7.6290325e-01
   3.0185522e+04   7.6334776e-01
   3.0215452e+04   7.6376223e-01
   3.0245438e+04   7.6403556e-01
   3.0275425e+04   7.6439535e-01
   3.0305349e+04   7.6474670e-01
   3.0335352e+04   7.6516818e-01
   3.0365385e+04   7.6548165e-01
   3.0395434e+04   7.6585346e-01
   3.0425407e+04   7.6620814e-01
   3.0455310e+04   7.6649656e-01
   3.0485304e+04   7.6687979e-01
   3.0515333e+04   7.6724319e-01
   3.0545343e+04   7.6766395e-01
   3.0575340e+04   7.6794200e-01
   3.0605390e+04   7.6828793e-01
   3.0635361e+04   7.6869516e-01
   3.0665303e+04   7.6904543e-01
   3.0695323e+04   7.6944992e-01
   3.0725354e+04   7.6971636e-01
   3.0755377e+04   7.7008739e-01
   3.0786853e+04   7.7045951e-01
   3.0816802e+04   7.7084842e-01
   3.0845206e+04   7.7104131e-01
   3.0875214e+04   7.7153791e-01
   3.0905239e+04   7.7183619e-01
   3.0935240e+04   7.7220459e-01
   3.0965212e+04   7.7253180e-01
   3.0995101e+04   7.7280827e-01
   3.1025055e+04   7.7324174e-01
   3.1055077e+04   7.7359147e-01
   3.1085033e+04   7.7391808e-01
   3.1114945e+04   7.7426299e-01
   3.1144969e+04   7.7458105e-01
   3.1175034e+04   7.7492533e-01
   3.1205030e+04   7.7529694e-01
   3.1235008e+04   7.7566000e-01
   3.1265035e+04   7.7597591e-01
   3.1295013e+04   7.7633749e-01
   3.1324987e+04   7.7667466e-01
   3.1354957e+04   7.7700227e-01
   3.1384916e+04   7.7733989e-01
   3.1414932e+04   7.7765152e-01
   3.1444962e+04   7.7801023e-01
   3.1474985e+04   7.7837005e-01
   3.1504983e+04   7.7872487e-01
   3.1534937e+04   7.7902291e-01
   3.1564943e+04   7.7941039e-01
   3.1594988e+04   7.7977145e-01
   3.1624916e+04   7.8007209e-01
   3.1654927e+04   7.8034451e-01
   3.1684964e+04   7.8066363e-01
   3.1714960e+04   7.8106957e-01
   3.1744922e+04   7.8139562e-01
   3.1774854e+04   7.8174543e-01
   3.1804872e+04   7.8211339e-01
   3.1834895e+04   7.8243700e-01
   3.1864997e+04   7.8272303e-01
   3.1895080e+04   7.8308853e-01
   3.1925069e+04   7.8338152e-01
   3.1955069e+04   7.8377071e-01
   3.1983601e+04   7.8408642e-01
   3.2013604e+04   7.8435893e-01
   3.2045068e+04   7.8474663e-01
   3.2075074e+04   7.8504620e-01
   3.2105068e+04   7.8534985e-01
   3.2134999e+04   7.8571292e-01
   3.2165023e+04   7.8602289e-01
   3.2195055e+04   7.8630051e-01
   3.2224982e+04   7.8669696e-01
   3.2255011e+04   7.8695923e-01
   3.2285039e+04   7.8732307e-01
   3.2315046e+04   7.8765727e-01
   3.2345019e+04   7.8798344e-01
   3.2374986e+04   7.8829012e-01
   3.2405017e+04   7.8866759e-01
   3.2435020e+04   7.8894880e-01
   3.2465023e+04   7.8938571e-01
   3.2493488e+04   7.8955331e-01
   3.2523420e+04   7.8986972e-01
   3.2554937e+04   7.9010318e-01
   3.2584990e+04   7.9056740e-01
   3.2614969e+04   7.9091509e-01
   3.2644935e+04   7.9119361e-01
   3.2674926e+04   7.9146826e-01
   3.2703404e+04   7.9180376e-01
   3.2733325e+04   7.9209954e-01
   3.2764759e+04   7.9246816e-01
   3.2794779e+04   7.9281434e-01
   3.2824775e+04   7.9320107e-01
   3.2854721e+04   7.9344684e-01
   3.2884699e+04   7.9377000e-01
   3.2914729e+04   7.9399134e-01
   3.2943240e+04   7.9434658e-01
   3.2971707e+04   7.9469575e-01
   3.3001748e+04   7.9494951e-01
   3.3031773e+04   7.9533934e-01
   3.3063229e+04   7.9560253e-01
   3.3093201e+04   7.9592345e-01
   3.3121699e+04   7.9615052e-01
   3.3151686e+04   7.9650104e-01
   3.3181664e+04   7.9680911e-01
   3.3211688e+04   7.9714774e-01
   3.3243182e+04   7.9737956e-01
   3.3274656e+04   7.9778888e-01
   3.3304604e+04   7.9806184e-01
   3.3334549e+04   7.9842235e-01
   3.3363047e+04   7.9866804e-01
   3.3391586e+04   7.9894943e-01
   3.3421557e+04   7.9935037e-01
   3.3453012e+04   7.9959572e-01
   3.3483088e+04   7.9987814e-01
   3.3511602e+04   8.0025407e-01
   3.3541531e+04   8.0058717e-01
   3.3571518e+04   8.0091238e-01
   3.3601602e+04   8.0107804e-01
   3.3632945e+04   8.0147426e-01
   3.3662738e+04   8.0179967e-01
   3.3691230e+04   8.0205198e-01
   3.3721246e+04   8.0234167e-01
   3.3751240e+04   8.0266415e-01
   3.3781166e+04   8.0301232e-01
   3.3812709e+04   8.0318002e-01
   3.3842707e+04   8.0358297e-01
   3.3872621e+04   8.0381703e-01
   3.3902641e+04   8.0422791e-01
   3.3931180e+04   8.0443570e-01
   3.3961164e+04   8.0475937e-01
   3.3991158e+04   8.0511368e-01
   3.4022654e+04   8.0546113e-01
   3.4052670e+04   8.0572560e-01
   3.4081148e+04   8.0597258e-01
   3.4111109e+04   8.0628272e-01
   3.4141178e+04   8.0654293e-01
   3.4171205e+04   8.0687430e-01
   3.4201182e+04   8.0714364e-01
   3.4231115e+04   8.0741072e-01
   3.4261055e+04   8.0777999e-01
   3.4291037e+04   8.0802872e-01
   3.4321055e+04   8.0831465e-01
   3.4351072e+04   8.0862894e-01
   3.4381029e+04   8.0890519e-01
   3.4411006e+04   8.0918039e-01
   3.4441002e+04   8.0948949e-01
   3.4471027e+04   8.0976758e-01
   3.4501006e+04   8.1008791e-01
   3.4530932e+04   8.1034566e-01
   3.4562439e+04   8.1068631e-01
   3.4592443e+04   8.1104507e-01
   3.4620869e+04   8.1128108e-01
   3.4650844e+04   8.1145344e-01
   3.5051377e+04   8.1867360e-01
   3.5441420e+04   8.1893015e-01
   3.5460949e+04   8.1919871e-01
   3.5490889e+04   8.1956999e-01
   3.5520814e+04   8.1971442e-01
   3.5550834e+04   8.2003827e-01
   3.5580846e+04   8.2026581e-01
   3.5610850e+04   8.2054730e-01
   3.5640893e+04   8.2084835e-01
   3.5670846e+04   8.2104156e-01
   3.5700770e+04   8.2130072e-01
   3.5730758e+04   8.2167944e-01
   3.5760789e+04   8.2188735e-01
   3.5790830e+04   8.2223481e-01
   3.5820832e+04   8.2246979e-01
   3.5850848e+04   8.2272494e-01
   3.5879336e+04   8.2304610e-01
   3.5909316e+04   8.2326219e-01
   3.5940809e+04   8.2357105e-01
   3.5970783e+04   8.2385872e-01
   3.6000816e+04   8.2406907e-01
   3.6030832e+04   8.2437052e-01
   3.6060773e+04   8.2466000e-01
   3.6089195e+04   8.2490180e-01
   3.6119227e+04   8.2521053e-01
   3.6150777e+04   8.2541641e-01
   3.6180715e+04   8.2575052e-01
   3.6209213e+04   8.2597118e-01
   3.6237693e+04   8.2627126e-01
   3.6269102e+04   8.2648618e-01
   3.6299062e+04   8.2674592e-01
   3.6329025e+04   8.2701494e-01
   3.6358975e+04   8.2733949e-01
   3.6388967e+04   8.2744072e-01
   3.6418963e+04   8.2788159e-01
   3.6448979e+04   8.2808587e-01
   3.6479012e+04   8.2834857e-01
   3.6508990e+04   8.2862451e-01
   3.6540482e+04   8.2881655e-01
   3.6570463e+04   8.2917937e-01
   3.6600418e+04   8.2941293e-01
   3.6628889e+04   8.2967370e-01
   3.6658902e+04   8.2992563e-01
   3.6690459e+04   8.3023887e-01
   3.6718943e+04   8.3047178e-01
   3.6747396e+04   8.3071280e-01
   3.6778891e+04   8.3103258e-01
   3.6810420e+04   8.3127329e-01
   3.6840457e+04   8.3154380e-01
   3.6868959e+04   8.3170693e-01
   3.6897449e+04   8.3206004e-01
   3.6928914e+04   8.3232998e-01
   3.6958879e+04   8.3248163e-01
   3.6988867e+04   8.3281510e-01
   3.7018869e+04   8.3307144e-01
   3.7048846e+04   8.3329561e-01
   3.7080303e+04   8.3356721e-01
   3.7108777e+04   8.3384284e-01
   3.7137287e+04   8.3406718e-01
   3.7167156e+04   8.3432500e-01
   3.7196984e+04   8.3461445e-01
   3.7227008e+04   8.3487948e-01
   3.7257023e+04   8.3513404e-01
   3.7286959e+04   8.3534342e-01
   3.7318473e+04   8.3558537e-01
   3.7350027e+04   8.3577986e-01
   3.7378500e+04   8.3610512e-01
   3.7408473e+04   8.3635039e-01
   3.7439928e+04   8.3662389e-01
   3.7469871e+04   8.3684447e-01
   3.7498334e+04   8.3708527e-01
   3.7526881e+04   8.3733848e-01
   3.7556953e+04   8.3761772e-01
   3.7586969e+04   8.3774187e-01
   3.7616953e+04   8.3808964e-01
   3.7646947e+04   8.3834576e-01
   3.7676990e+04   8.3864170e-01
   3.7706955e+04   8.3885606e-01
   3.7738430e+04   8.3913979e-01
   3.7768410e+04   8.3937688e-01
   3.7796947e+04   8.3958873e-01
   3.7826928e+04   8.3982858e-01
   3.7856811e+04   8.4005916e-01
   3.7886828e+04   8.4019217e-01
   3.7916859e+04   8.4054209e-01
   3.7946828e+04   8.4078256e-01
   3.7976873e+04   8.4105060e-01
   3.8006928e+04   8.4130538e-01
   3.8036854e+04   8.4146668e-01
   3.8066758e+04   8.4184899e-01
   3.8096646e+04   8.4199395e-01
   3.8126666e+04   8.4231638e-01
   3.8156691e+04   8.4253066e-01
   3.8186627e+04   8.4276735e-01
   3.8216605e+04   8.4305279e-01
   3.8246633e+04   8.4321380e-01
   3.8276652e+04   8.4340990e-01
   3.8306617e+04   8.4377225e-01
   3.8336604e+04   8.4391846e-01
   3.8366646e+04   8.4427628e-01
   3.8396604e+04   8.4438910e-01
   3.8426531e+04   8.4464824e-01
   3.8456547e+04   8.4496110e-01
   3.8486545e+04   8.4514916e-01
   3.8516529e+04   8.4537721e-01
   3.8546572e+04   8.4567732e-01
   3.8576582e+04   8.4584778e-01
   3.8606553e+04   8.4610883e-01
   3.8636568e+04   8.4635960e-01
   3.8666516e+04   8.4651523e-01
   3.8696482e+04   8.4683864e-01
   3.8726496e+04   8.4706106e-01
   3.8756465e+04   8.4722870e-01
   3.8786467e+04   8.4756384e-01
   3.8816500e+04   8.4776002e-01
   3.8846457e+04   8.4797735e-01
   3.8876426e+04   8.4824747e-01
   3.8906477e+04   8.4850986e-01
   3.8936475e+04   8.4870854e-01
   3.8966473e+04   8.4890112e-01
   3.8995023e+04   8.4920493e-01
   3.9024990e+04   8.4944924e-01
   3.9056422e+04   8.4962814e-01
   3.9086469e+04   8.4991428e-01
   3.9115006e+04   8.5016910e-01
   3.9144867e+04   8.5034833e-01
   3.9176346e+04   8.5055638e-01
   3.9206398e+04   8.5083398e-01
   3.9236361e+04   8.5103229e-01
   3.9266350e+04   8.5128072e-01
   3.9296338e+04   8.5151569e-01
   3.9326375e+04   8.5177649e-01
   3.9356410e+04   8.5201077e-01
   3.9386365e+04   8.5222666e-01
   3.9416336e+04   8.5248804e-01
   3.9446340e+04   8.5262648e-01
   3.9476369e+04   8.5294355e-01
   3.9506344e+04   8.5314698e-01
   3.9534828e+04   8.5331511e-01
   3.9563336e+04   8.5353093e-01
   3.9593301e+04   8.5381576e-01
   3.9624820e+04   8.5410879e-01
   3.9654865e+04   8.5424715e-01
   3.9684844e+04   8.5452695e-01
   3.9714758e+04   8.5470993e-01
   3.9744818e+04   8.5494824e-01
   3.9776367e+04   8.5509081e-01
   3.9806283e+04   8.5536195e-01
   3.9836146e+04   8.5551851e-01
   3.9866039e+04   8.5585157e-01
   3.9896104e+04   8.5608533e-01
   3.9926129e+04   8.5618429e-01
   3.9956070e+04   8.5653194e-01
   3.9986047e+04   8.5672532e-01
   4.0016109e+04   8.5695211e-01
   4.0046090e+04   8.5711610e-01
   4.0074502e+04   8.5729652e-01
   4.0103035e+04   8.5764515e-01
   4.0134541e+04   8.5778721e-01
   4.0165961e+04   8.5799694e-01
   4.0194482e+04   8.5829841e-01
   4.0224516e+04   8.5835917e-01
   4.0256031e+04   8.5874189e-01
   4.0284520e+04   8.5890536e-01
   4.0314443e+04   8.5913915e-01
   4.0345982e+04   8.5937604e-01
   4.0374508e+04   8.5958176e-01
   4.0404500e+04   8.5977611e-01
   4.0435949e+04   8.5998497e-01
   4.0464445e+04   8.6018398e-01
   4.0494479e+04   8.6042515e-01
   4.0524441e+04   8.6070880e-01
   4.0554457e+04   8.6077396e-01
   4.0585945e+04   8.6115692e-01
   4.0614426e+04   8.6133894e-01
   4.0642932e+04   8.6155516e-01
   4.0672910e+04   8.6174007e-01
   4.0702773e+04   8.6198237e-01
   4.0734121e+04   8.6212361e-01
   4.0764109e+04   8.6240445e-01
   4.0792629e+04   8.6262882e-01
   4.0822609e+04   8.6276815e-01
   4.0854096e+04   8.6302958e-01
   4.0884080e+04   8.6324800e-01
   4.0912555e+04   8.6348459e-01
   4.0942451e+04   8.6365257e-01
   4.0972395e+04   8.6384135e-01
   4.1002471e+04   8.6402327e-01
   4.1032455e+04   8.6426843e-01
   4.1063938e+04   8.6449285e-01
   4.1093965e+04   8.6465624e-01
   4.1122488e+04   8.6498276e-01
   4.1152469e+04   8.6511308e-01
   4.1182420e+04   8.6522218e-01
   4.1212449e+04   8.6551140e-01
   4.1242488e+04   8.6575481e-01
   4.1272520e+04   8.6600687e-01
   4.1302549e+04   8.6607594e-01
   4.1332496e+04   8.6633574e-01
   4.1362443e+04   8.6658384e-01
   4.1392404e+04   8.6679572e-01
   4.1422436e+04   8.6689370e-01
   4.1452457e+04   8.6719633e-01
   4.1482414e+04   8.6745199e-01
   4.1512414e+04   8.6760718e-01
   4.1542395e+04   8.6779109e-01
   4.1572355e+04   8.6806757e-01
   4.1602262e+04   8.6818869e-01
   4.1632211e+04   8.6843413e-01
   4.1662209e+04   8.6864616e-01
   4.1692184e+04   8.6887396e-01
   4.1722158e+04   8.6900077e-01
   4.1752152e+04   8.6924332e-01
   4.1782211e+04   8.6945479e-01
   4.1813646e+04   8.6971631e-01
   4.1843580e+04   8.6985072e-01
   4.1872127e+04   8.6997523e-01
   4.1902164e+04   8.7028532e-01
   4.1932156e+04   8.7043547e-01
   4.1962129e+04   8.7064418e-01
   4.1992146e+04   8.7093741e-01
   4.2022117e+04   8.7097571e-01
   4.2052090e+04   8.7125714e-01
   4.2082170e+04   8.7151051e-01
   4.2112199e+04   8.7164699e-01
   4.2142107e+04   8.7189091e-01
   4.2172096e+04   8.7215581e-01
   4.2202145e+04   8.7237389e-01
   4.2232129e+04   8.7254487e-01
   4.2262037e+04   8.7271713e-01
   4.2291994e+04   8.7294035e-01
   4.2322012e+04   8.7308850e-01
   4.2351994e+04   8.7333279e-01
   4.2382023e+04   8.7352124e-01
   4.2411992e+04   8.7364816e-01
   4.2441980e+04   8.7395977e-01
   4.2472035e+04   8.7403362e-01
   4.2502023e+04   8.7438236e-01
   4.2532064e+04   8.7442479e-01
   4.2562094e+04   8.7471180e-01
   4.2592061e+04   8.7494116e-01
   4.2622053e+04   8.7509001e-01
   4.2652035e+04   8.7530589e-01
   4.2682027e+04   8.7550755e-01
   4.2712045e+04   8.7573485e-01
   4.2742016e+04   8.7586738e-01
   4.2772027e+04   8.7612189e-01
   4.2802023e+04   8.7636182e-01
   4.2831957e+04   8.7643825e-01
   4.2861953e+04   8.7664711e-01
   4.2892008e+04   8.7683431e-01
   4.2920479e+04   8.7700980e-01
   4.2948959e+04   8.7723669e-01
   4.2980477e+04   8.7746071e-01
   4.3011949e+04   8.7757404e-01
   4.3041930e+04   8.7787529e-01
   4.3071957e+04   8.7804540e-01
   4.3101961e+04   8.7814823e-01
   4.3131936e+04   8.7837733e-01
   4.3161914e+04   8.7862493e-01
   4.3191877e+04   8.7879159e-01
   4.3221910e+04   8.7903692e-01
   4.3251900e+04   8.7918064e-01
   4.3281875e+04   8.7941214e-01
   4.3311900e+04   8.7952448e-01
   4.3341900e+04   8.7979180e-01
   4.3371811e+04   8.7998912e-01
   4.3400230e+04   8.8011156e-01
   4.3428711e+04   8.8033335e-01
   4.3460148e+04   8.8039663e-01
   4.3491633e+04   8.8077673e-01
   4.3520156e+04   8.8082943e-01
   4.3550133e+04   8.8105868e-01
   4.3581574e+04   8.8125636e-01
   4.3613068e+04   8.8136477e-01
   4.3643092e+04   8.8150516e-01
   4.3671670e+04   8.8169652e-01
   4.3701695e+04   8.8199556e-01
   4.3731596e+04   8.8211160e-01
   4.3760062e+04   8.8235709e-01
   4.3790047e+04   8.8256455e-01
   4.3820055e+04   8.8266692e-01
   4.3850100e+04   8.8280015e-01
   4.3881646e+04   8.8308461e-01
   4.3911605e+04   8.8329308e-01
   4.3941561e+04   8.8355207e-01
   4.3973072e+04   8.8367930e-01
   4.4003076e+04   8.8382897e-01
   4.4030074e+04   8.8414538e-01
   4.4060080e+04   8.8421441e-01
   4.4090059e+04   8.8436979e-01
   4.4118518e+04   8.8458492e-01
   4.4148547e+04   8.8483167e-01
   4.4180047e+04   8.8501651e-01
   4.4211516e+04   8.8512543e-01
   4.4239877e+04   8.8523901e-01
   4.4268258e+04   8.8557276e-01
   4.4298271e+04   8.8570023e-01
   4.4329637e+04   8.8597287e-01
   4.4359568e+04   8.8618146e-01
   4.4388109e+04   8.8621239e-01
   4.4418145e+04   8.8641122e-01
   4.4448176e+04   8.8665143e-01
   4.4479643e+04   8.8682066e-01
   4.4509625e+04   8.8704340e-01
   4.4538145e+04   8.8721297e-01
   4.4569660e+04   8.8732853e-01
   4.4599629e+04   8.8753387e-01
   4.4628115e+04   8.8773531e-01
   4.4659617e+04   8.8786292e-01
   4.4689617e+04   8.8805692e-01
   4.4718125e+04   8.8826131e-01
   4.4748133e+04   8.8845339e-01
   4.4778156e+04   8.8862549e-01
   4.4808115e+04   8.8880040e-01
   4.4838043e+04   8.8900007e-01
   4.4868061e+04   8.8911263e-01
   4.4898068e+04   8.8924363e-01
   4.4928047e+04   8.8945483e-01
   4.4958041e+04   8.8962165e-01
   4.4988051e+04   8.8985959e-01
   4.5018029e+04   8.8998555e-01
   4.5047992e+04   8.9019151e-01
   4.5077992e+04   8.9031560e-01
   4.5108031e+04   8.9050571e-01
   4.5137953e+04   8.9066478e-01
   4.5169363e+04   8.9088590e-01
   4.5199391e+04   8.9105217e-01
   4.5227877e+04   8.9129368e-01
   4.5257795e+04   8.9146333e-01
   4.5287799e+04   8.9158460e-01
   4.5317891e+04   8.9185012e-01
   4.5347875e+04   8.9186995e-01
   4.5379334e+04   8.9214521e-01
   4.5409297e+04   8.9223487e-01
   4.5437758e+04   8.9237922e-01
   4.5469207e+04   8.9264819e-01
   4.5499203e+04   8.9277072e-01
   4.5527734e+04   8.9297235e-01
   4.5557781e+04   8.9312025e-01
   4.5587746e+04   8.9334842e-01
   4.5617703e+04   8.9347445e-01
   4.5649273e+04   8.9371347e-01
   4.5679250e+04   8.9386465e-01
   4.5707730e+04   8.9396645e-01
   4.5739215e+04   8.9416340e-01
   4.5769197e+04   8.9433788e-01
   4.5797709e+04   8.9453809e-01
   4.5827697e+04   8.9465013e-01
   4.5857691e+04   8.9491290e-01
   4.5887686e+04   8.9504813e-01
   4.5917615e+04   8.9519140e-01
   4.5947586e+04   8.9531800e-01
   4.5977627e+04   8.9544153e-01
   4.6007727e+04   8.9571249e-01
   4.6037863e+04   8.9585602e-01
   4.6067895e+04   8.9609285e-01
   4.6097922e+04   8.9622818e-01
   4.6127930e+04   8.9642862e-01
   4.6157879e+04   8.9651189e-01
   4.6187854e+04   8.9669880e-01
   4.6217871e+04   8.9688351e-01
   4.6247840e+04   8.9703011e-01
   4.6277787e+04   8.9719329e-01
   4.6307758e+04   8.9732151e-01
   4.6337773e+04   8.9753719e-01
   4.6367793e+04   8.9769556e-01
   4.6397758e+04   8.9783989e-01
   4.6427777e+04   8.9807348e-01
   4.6457820e+04   8.9819027e-01
   4.6487785e+04   8.9834277e-01
   4.6517771e+04   8.9848348e-01
   4.6547836e+04   8.9867918e-01
   4.6577797e+04   8.9879869e-01
   4.6607732e+04   8.9902321e-01
   4.6637773e+04   8.9917988e-01
   4.6667799e+04   8.9931679e-01
   4.6697750e+04   8.9951127e-01
   4.6727723e+04   8.9962263e-01
   4.6757717e+04   8.9967803e-01
   4.6787703e+04   8.9994281e-01
   4.6817686e+04   9.0020369e-01
   4.6847697e+04   9.0021221e-01
   4.6876213e+04   9.0051453e-01
   4.6904641e+04   9.0069694e-01
   4.6936053e+04   9.0081360e-01
   4.6967527e+04   9.0088814e-01
   4.6997502e+04   9.0114862e-01
   4.7027484e+04   9.0129771e-01
   4.7057508e+04   9.0139273e-01
   4.7087521e+04   9.0157668e-01
   4.7116006e+04   9.0177389e-01
   4.7145977e+04   9.0185128e-01
   4.7177455e+04   9.0199130e-01
   4.7207428e+04   9.0217097e-01
   4.7237438e+04   9.0234106e-01
   4.7265930e+04   9.0247272e-01
   4.7295904e+04   9.0267836e-01
   4.7325947e+04   9.0279716e-01
   4.7354441e+04   9.0304031e-01
   4.7384410e+04   9.0306516e-01
   4.7414383e+04   9.0332040e-01
   4.7444371e+04   9.0350303e-01
   4.7475916e+04   9.0363411e-01
   4.7507443e+04   9.0377590e-01
   4.7537467e+04   9.0400625e-01
   4.7565936e+04   9.0414865e-01
   4.7595865e+04   9.0436560e-01
   4.7625900e+04   9.0442798e-01
   4.7654430e+04   9.0468677e-01
   4.7684389e+04   9.0487827e-01
   4.7715887e+04   9.0492909e-01
   4.7745857e+04   9.0507721e-01
   4.7774232e+04   9.0522712e-01
   4.7805602e+04   9.0539111e-01
   4.7837049e+04   9.0548396e-01
   4.7867031e+04   9.0572789e-01
   4.7895537e+04   9.0592942e-01
   4.7924047e+04   9.0610093e-01
   4.7954021e+04   9.0618052e-01
   4.7984035e+04   9.0631076e-01
   4.8014031e+04   9.0651173e-01
   4.8044004e+04   9.0664065e-01
   4.8073988e+04   9.0668109e-01
   4.8103992e+04   9.0691041e-01
   4.8134012e+04   9.0716439e-01
   4.8165463e+04   9.0730195e-01
   4.8195445e+04   9.0739987e-01
   4.8225486e+04   9.0765655e-01
   4.8256979e+04   9.0774702e-01
   4.8286982e+04   9.0788412e-01
   4.8316988e+04   9.0801442e-01
   4.8346965e+04   9.0818886e-01
   4.8375463e+04   9.0837341e-01
   4.8403939e+04   9.0859821e-01
   4.8433932e+04   9.0869788e-01
   4.8463943e+04   9.0883823e-01
   4.8493863e+04   9.0895281e-01
   4.8523850e+04   9.0910761e-01
   4.8553891e+04   9.0911492e-01
   4.8583889e+04   9.0941463e-01
   4.8613832e+04   9.0943167e-01
   4.8643855e+04   9.0955755e-01
   4.8673857e+04   9.0982632e-01
   4.8703752e+04   9.0998327e-01
   4.8735230e+04   9.1013668e-01
   4.8766727e+04   9.1020206e-01
   4.8795279e+04   9.1039043e-01
   4.8823721e+04   9.1051703e-01
   4.8853686e+04   9.1071431e-01
   4.8883725e+04   9.1078171e-01
   4.8913641e+04   9.1097249e-01
   4.8943598e+04   9.1116103e-01
   4.8973666e+04   9.1132388e-01
   4.9003656e+04   9.1143064e-01
   4.9033633e+04   9.1158343e-01
   4.9063641e+04   9.1177447e-01
   4.9093602e+04   9.1195174e-01
   4.9123588e+04   9.1196779e-01
   4.9153588e+04   9.1220680e-01
   4.9183639e+04   9.1238101e-01
   4.9213604e+04   9.1243884e-01
   4.9243566e+04   9.1259938e-01
   4.9273645e+04   9.1267368e-01
   4.9303602e+04   9.1292680e-01
   4.9333527e+04   9.1300472e-01
   4.9363469e+04   9.1313430e-01
   4.9393512e+04   9.1325938e-01
   4.9423619e+04   9.1344974e-01
   4.9453559e+04   9.1352878e-01
   4.9483527e+04   9.1372056e-01
   4.9513551e+04   9.1398859e-01
   4.9543549e+04   9.1415827e-01
   4.9573680e+04   9.1423301e-01
   4.9605254e+04   9.1428811e-01
   4.9635205e+04   9.1444869e-01
   4.9663691e+04   9.1459201e-01
   4.9693654e+04   9.1483639e-01
   4.9723699e+04   9.1502693e-01
   4.9753764e+04   9.1515669e-01
   4.9783719e+04   9.1530522e-01
   4.9813693e+04   9.1541771e-01
   4.9843682e+04   9.1564037e-01
   4.9873688e+04   9.1573290e-01
   4.9903744e+04   9.1583678e-01
   4.9933697e+04   9.1599445e-01
   4.9963643e+04   9.1606086e-01
   4.9993688e+04   9.1627286e-01
   5.0023650e+04   9.1631864e-01
   5.0053635e+04   9.1650222e-01
   5.0083699e+04   9.1673667e-01
   5.0113664e+04   9.1683099e-01
   5.0143613e+04   9.1699975e-01
   5.0173631e+04   9.1706283e-01
   5.0203738e+04   9.1718001e-01
   5.0233730e+04   9.1727453e-01
   5.0263676e+04   9.1744021e-01
   5.0293615e+04   9.1752891e-01
   5.0323549e+04   9.1779220e-01
   5.0353547e+04   9.1793593e-01
   5.0383539e+04   9.1801869e-01
   5.0413619e+04   9.1827673e-01
   5.0443535e+04   9.1835274e-01
   5.0473375e+04   9.1858447e-01
   5.0503357e+04   9.1871930e-01
   5.0533410e+04   9.1878694e-01
   5.0563416e+04   9.1893643e-01
   5.0593328e+04   9.1916067e-01
   5.0623293e+04   9.1924217e-01
   5.0653271e+04   9.1939615e-01
   5.0683221e+04   9.1953666e-01
   5.0713242e+04   9.1970374e-01
   5.0743270e+04   9.1981354e-01
   5.0773215e+04   9.1999692e-01
   5.0801711e+04   9.2010902e-01
   5.0831779e+04   9.2022147e-01
   5.0863291e+04   9.2033737e-01
   5.0893289e+04   9.2045440e-01
   5.0923316e+04   9.2060784e-01
   5.0953336e+04   9.2074871e-01
   5.0983363e+04   9.2093457e-01
   5.1013318e+04   9.2097196e-01
   5.1043281e+04   9.2116020e-01
   5.1073299e+04   9.2134511e-01
   5.1103262e+04   9.2140217e-01
   5.1131717e+04   9.2162434e-01
   5.1161660e+04   9.2166024e-01
   5.1193160e+04   9.2187070e-01
   5.1223238e+04   9.2198280e-01
   5.1253227e+04   9.2217300e-01
   5.1281689e+04   9.2231264e-01
   5.1311654e+04   9.2242086e-01
   5.1341465e+04   9.2250341e-01
   5.1369896e+04   9.2262804e-01
   5.1401453e+04   9.2278309e-01
   5.1432922e+04   9.2296353e-01
   5.1461404e+04   9.2305419e-01
   5.1489883e+04   9.2315447e-01
   5.1519891e+04   9.2327118e-01
   5.1549895e+04   9.2336477e-01
   5.1581311e+04   9.2366647e-01
   5.1612752e+04   9.2355785e-01
   5.1641305e+04   9.2378495e-01
   5.1669861e+04   9.2394061e-01
   5.1699865e+04   9.2407154e-01
   5.1729830e+04   9.2425567e-01
   5.1759830e+04   9.2433154e-01
   5.1791354e+04   9.2452754e-01
   5.1821365e+04   9.2467355e-01
   5.1851389e+04   9.2476850e-01
   5.1881342e+04   9.2495923e-01
   5.1909779e+04   9.2502896e-01
   5.1941295e+04   9.2513276e-01
   5.1972803e+04   9.2533856e-01
   5.2001260e+04   9.2536926e-01
   5.2029711e+04   9.2554337e-01
   5.2059723e+04   9.2567799e-01
   5.2089799e+04   9.2578654e-01
   5.2119732e+04   9.2590895e-01
   5.2149674e+04   9.2605105e-01
   5.2179744e+04   9.2612364e-01
   5.2209631e+04   9.2624859e-01
   5.2239545e+04   9.2638619e-01
   5.2271141e+04   9.2649988e-01
   5.2301113e+04   9.2664913e-01
   5.2329594e+04   9.2687219e-01
   5.2359584e+04   9.2691725e-01
   5.2391029e+04   9.2706994e-01
   5.2421051e+04   9.2711032e-01
   5.2449545e+04   9.2718058e-01
   5.2479551e+04   9.2726693e-01
   5.2509551e+04   9.2739044e-01
   5.2539479e+04   9.2751878e-01
   5.2569410e+04   9.2769670e-01
   5.2599373e+04   9.2768983e-01
   5.2629430e+04   9.2804418e-01
   5.2659506e+04   9.2820384e-01
   5.2689492e+04   9.2834820e-01
   5.2719504e+04   9.2837413e-01
   5.2751041e+04   9.2836593e-01
   5.2781004e+04   9.2865629e-01
   5.2809443e+04   9.2871374e-01
   5.2839455e+04   9.2875089e-01
   5.2869436e+04   9.2895561e-01
   5.2899379e+04   9.2897038e-01
   5.2929371e+04   9.2915740e-01
   5.2959389e+04   9.2945520e-01
   5.2989342e+04   9.2950003e-01
   5.3019303e+04   9.2959892e-01
   5.3049373e+04   9.2961447e-01
   5.3079404e+04   9.2983420e-01
   5.3109352e+04   9.2999661e-01
   5.3511207e+04   9.3319302e-01
   5.3901084e+04   9.3332903e-01
   5.3919096e+04   9.3338071e-01
   5.3949131e+04   9.3358760e-01
   5.3979098e+04   9.3363505e-01
   5.4009059e+04   9.3383147e-01
   5.4039086e+04   9.3377033e-01
   5.4069072e+04   9.3386056e-01
   5.4099053e+04   9.3403262e-01
   5.4129014e+04   9.3422176e-01
   5.4158992e+04   9.3432545e-01
   5.4188912e+04   9.3450989e-01
   5.4218861e+04   9.3451605e-01
   5.4248840e+04   9.3479430e-01
   5.4278803e+04   9.3482344e-01
   5.4308955e+04   9.3484480e-01
   5.4338988e+04   9.3505369e-01
   5.4368932e+04   9.3512292e-01
   5.4398922e+04   9.3537006e-01
   5.4428957e+04   9.3545118e-01
   5.4458867e+04   9.3551440e-01
   5.4488857e+04   9.3558477e-01
   5.4518990e+04   9.3589913e-01
   5.4548934e+04   9.3591821e-01
   5.4578879e+04   9.3587179e-01
   5.4608914e+04   9.3597741e-01
   5.4638873e+04   9.3609155e-01
   5.4668869e+04   9.3639489e-01
   5.4698873e+04   9.3650920e-01
   5.4727340e+04   9.3653929e-01
   5.4755885e+04   9.3666706e-01
   5.4787273e+04   9.3689835e-01
   5.4818814e+04   9.3690162e-01
   5.4849016e+04   9.3715444e-01
   5.4878709e+04   9.3726364e-01
   5.4908459e+04   9.3744355e-01
   5.4937047e+04   9.3734577e-01
   5.4967020e+04   9.3750679e-01
   5.4996994e+04   9.3764051e-01
   5.5027004e+04   9.3776195e-01
   5.5058561e+04   9.3768131e-01
   5.5088473e+04   9.3782020e-01
   5.5118273e+04   9.3811317e-01
   5.5148254e+04   9.3820607e-01
   5.5178305e+04   9.3833707e-01
   5.5208299e+04   9.3846653e-01
   5.5238365e+04   9.3860351e-01
   5.5268426e+04   9.3869617e-01
   5.5298498e+04   9.3879253e-01
   5.5327037e+04   9.3893469e-01
   5.5355449e+04   9.3891017e-01
   5.5386939e+04   9.3915724e-01
   5.5418439e+04   9.3925501e-01
   5.5448408e+04   9.3934583e-01
   5.5476896e+04   9.3952922e-01
   5.5506822e+04   9.3952470e-01
   5.5538291e+04   9.3959182e-01
   5.5566811e+04   9.3984702e-01
   5.5595293e+04   9.3999705e-01
   5.5625311e+04   9.4003033e-01
   5.5656797e+04   9.4021510e-01
   5.5688244e+04   9.4021305e-01
   5.5718283e+04   9.4030263e-01
   5.5746695e+04   9.4054309e-01
   5.5775107e+04   9.4061888e-01
   5.5805182e+04   9.4064246e-01
   5.5836688e+04   9.4071645e-01
   5.5866592e+04   9.4080256e-01
   5.5896557e+04   9.4103694e-01
   5.5926518e+04   9.4104238e-01
   5.5954957e+04   9.4100263e-01
   5.5985043e+04   9.4116821e-01
   5.6016561e+04   9.4145290e-01
   5.6046562e+04   9.4142669e-01
   5.6075076e+04   9.4148699e-01
   5.6105014e+04   9.4161284e-01
   5.6135025e+04   9.4178394e-01
   5.6165119e+04   9.4185833e-01
   5.6195059e+04   9.4213766e-01
   5.6224926e+04   9.4220968e-01
   5.6255018e+04   9.4241078e-01
   5.6285127e+04   9.4250947e-01
   5.6315107e+04   9.4266566e-01
   5.6345057e+04   9.4270344e-01
   5.6376578e+04   9.4283559e-01
   5.6406516e+04   9.4297857e-01
   5.6434855e+04   9.4311061e-01
   5.6466396e+04   9.4315552e-01
   5.6496420e+04   9.4314067e-01
   5.6524869e+04   9.4342274e-01
   5.6556463e+04   9.4344668e-01
   5.6586502e+04   9.4337663e-01
   5.6614947e+04   9.4357651e-01
   5.6644965e+04   9.4373781e-01
   5.6675039e+04   9.4394222e-01
   5.6705086e+04   9.4390434e-01
   5.6735080e+04   9.4412470e-01
   5.6765082e+04   9.4423379e-01
   5.6795025e+04   9.4430919e-01
   5.6825018e+04   9.4443020e-01
   5.6855068e+04   9.4447665e-01
   5.6884990e+04   9.4459563e-01
   5.6914920e+04   9.4470274e-01
   5.6944865e+04   9.4479238e-01
   5.6974982e+04   9.4487301e-01
   5.7005062e+04   9.4500203e-01
   5.7034920e+04   9.4513851e-01
   5.7064898e+04   9.4526595e-01
   5.7094842e+04   9.4536355e-01
   5.7124793e+04   9.4556904e-01
   5.7154816e+04   9.4568488e-01
   5.7184820e+04   9.4571985e-01
   5.7214883e+04   9.4558339e-01
   5.7244930e+04   9.4565684e-01
   5.7274990e+04   9.4587359e-01
   5.7304988e+04   9.4590461e-01
   5.7334928e+04   9.4609710e-01
   5.7364914e+04   9.4611617e-01
   5.7394943e+04   9.4622512e-01
   5.7424928e+04   9.4629234e-01
   5.7454861e+04   9.4645830e-01
   5.7484871e+04   9.4667387e-01
   5.7514764e+04   9.4673510e-01
   5.7544713e+04   9.4671323e-01
   5.7574811e+04   9.4700172e-01
   5.7604750e+04   9.4723527e-01
   5.7634633e+04   9.4727211e-01
   5.7664586e+04   9.4731418e-01
   5.7694598e+04   9.4749747e-01
   5.7724643e+04   9.4757277e-01
   5.7754660e+04   9.4775114e-01
   5.7784697e+04   9.4781897e-01
   5.7814725e+04   9.4791484e-01
   5.7844625e+04   9.4787339e-01
   5.7874502e+04   9.4799427e-01
   5.7904441e+04   9.4810107e-01
   5.7934594e+04   9.4805768e-01
   5.7964629e+04   9.4829609e-01
   5.7994480e+04   9.4847739e-01
   5.8023139e+04   9.4849311e-01
   5.8053234e+04   9.4852327e-01
   5.8084555e+04   9.4866631e-01
   5.8114541e+04   9.4884757e-01
   5.8144609e+04   9.4892313e-01
   5.8174539e+04   9.4914230e-01
   5.8202973e+04   9.4914494e-01
   5.8231490e+04   9.4924529e-01
   5.8263111e+04   9.4922467e-01
   5.8294600e+04   9.4943948e-01
   5.8324461e+04   9.4939089e-01
   5.8354494e+04   9.4961639e-01
   5.8382930e+04   9.4972865e-01
   5.8411188e+04   9.4987472e-01
   5.8441139e+04   9.4983575e-01
   5.8472766e+04   9.5018914e-01
   5.8504305e+04   9.5011084e-01
   5.8534223e+04   9.5033495e-01
   5.8564219e+04   9.5050058e-01
   5.8592625e+04   9.5057686e-01
   5.8622605e+04   9.5063900e-01
   5.8654168e+04   9.5074999e-01
   5.8684166e+04   9.5083460e-01
   5.8714215e+04   9.5081769e-01
   5.8744123e+04   9.5105364e-01
   5.8774143e+04   9.5119505e-01
   5.8802641e+04   9.5119034e-01
   5.8832594e+04   9.5127304e-01
   5.8865672e+04   9.5137836e-01
   5.8895600e+04   9.5157853e-01
   5.8922564e+04   9.5174102e-01
   5.8952506e+04   9.5168118e-01
   5.8982490e+04   9.5182192e-01
   5.9012551e+04   9.5205197e-01
   5.9042502e+04   9.5199492e-01
   5.9070990e+04   9.5212232e-01
   5.9101002e+04   9.5206172e-01
   5.9132482e+04   9.5232100e-01
   5.9162512e+04   9.5241341e-01
   5.9192463e+04   9.5259057e-01
   5.9222436e+04   9.5259848e-01
   5.9250906e+04   9.5279266e-01
   5.9280939e+04   9.5287329e-01
   5.9310891e+04   9.5299924e-01
   5.9342246e+04   9.5298098e-01
   5.9373846e+04   9.5308750e-01
   5.9402363e+04   9.5312540e-01
   5.9430727e+04   9.5326833e-01
   5.9462238e+04   9.5329586e-01
   5.9493840e+04   9.5336625e-01
   5.9522289e+04   9.5345959e-01
   5.9550688e+04   9.5361169e-01
   5.9582227e+04   9.5370274e-01
   5.9612295e+04   9.5371307e-01
   5.9640703e+04   9.5394332e-01
   5.9670686e+04   9.5402117e-01
   5.9702219e+04   9.5409623e-01
   5.9732158e+04   9.5420020e-01
   5.9760709e+04   9.5426693e-01
   5.9790799e+04   9.5442120e-01
   5.9820742e+04   9.5452874e-01
   5.9850727e+04   9.5463629e-01
   5.9880695e+04   9.5467060e-01
   5.9910590e+04   9.5481330e-01
   5.9940691e+04   9.5490826e-01
   5.9970676e+04   9.5508208e-01
   6.0000627e+04   9.5519429e-01
   6.0030617e+04   9.5535242e-01
   6.0060656e+04   9.5543326e-01
   6.0090689e+04   9.5547784e-01
   6.0122096e+04   9.5553246e-01
   6.0153611e+04   9.5539431e-01
   6.0182111e+04   9.5555727e-01
   6.0210746e+04   9.5577149e-01
   6.0240920e+04   9.5581926e-01
   6.0271004e+04   9.5601469e-01
   6.0301020e+04   9.5597218e-01
   6.0330959e+04   9.5614682e-01
   6.0360910e+04   9.5621772e-01
   6.0390936e+04   9.5639744e-01
   6.0420824e+04   9.5632756e-01
   6.0450723e+04   9.5639355e-01
   6.0480777e+04   9.5646181e-01
   6.0512234e+04   9.5663981e-01
   6.0542246e+04   9.5676393e-01
   6.0570764e+04   9.5693555e-01
   6.0600717e+04   9.5696886e-01
   6.0630768e+04   9.5706402e-01
   6.0660783e+04   9.5710461e-01
   6.0690742e+04   9.5717593e-01
   6.0720736e+04   9.5733741e-01
   6.0750666e+04   9.5760074e-01
   6.0780602e+04   9.5767305e-01
   6.0810580e+04   9.5745460e-01
   6.0840725e+04   9.5784044e-01
   6.0870691e+04   9.5772053e-01
   6.0900670e+04   9.5796955e-01
   6.0930967e+04   9.5810305e-01
   6.0960945e+04   9.5808491e-01
   6.0990816e+04   9.5814383e-01
   6.1020873e+04   9.5826703e-01
   6.1050791e+04   9.5845748e-01
   6.1080553e+04   9.5847986e-01
   6.1110408e+04   9.5851197e-01
   6.1140479e+04   9.5860916e-01
   6.1170484e+04   9.5867253e-01
   6.1200320e+04   9.5876030e-01
   6.1230215e+04   9.5897463e-01
   6.1260209e+04   9.5906352e-01
   6.1290186e+04   9.5913491e-01
   6.1320131e+04   9.5920326e-01
   6.1350273e+04   9.5916576e-01
   6.1380389e+04   9.5931228e-01
   6.1410154e+04   9.5944519e-01
   6.1440066e+04   9.5945492e-01
   6.1470256e+04   9.5976914e-01
   6.1500258e+04   9.5980382e-01
   6.1530213e+04   9.5982167e-01
   6.1560225e+04   9.5991678e-01
   6.1590289e+04   9.6006042e-01
   6.1620299e+04   9.6025790e-01
   6.1650254e+04   9.6017588e-01
   6.1680277e+04   9.6025934e-01
   6.1710326e+04   9.6026501e-01
   6.1740332e+04   9.6053457e-01
   6.1768785e+04   9.6044024e-01
   6.1798732e+04   9.6060027e-01
   6.1828680e+04   9.6076623e-01
   6.1857090e+04   9.6088917e-01
   6.1888562e+04   9.6084905e-01
   6.1920057e+04   9.6088835e-01
   6.1949998e+04   9.6101085e-01
   6.1979883e+04   9.6129172e-01
   6.2009832e+04   9.6130106e-01
   6.2039854e+04   9.6132699e-01
   6.2069764e+04   9.6155018e-01
   6.2099771e+04   9.6152026e-01
   6.2129797e+04   9.6142917e-01
   6.2159781e+04   9.6171725e-01
   6.2189740e+04   9.6180559e-01
   6.2219734e+04   9.6194093e-01
   6.2249797e+04   9.6194950e-01
   6.2279795e+04   9.6211081e-01
   6.2309807e+04   9.6204328e-01
   6.2339709e+04   9.6234889e-01
   6.2368105e+04   9.6238328e-01
   6.2398174e+04   9.6250935e-01
   6.2428291e+04   9.6257325e-01
   6.2456818e+04   9.6270467e-01
   6.2486795e+04   9.6272469e-01
   6.2516758e+04   9.6276141e-01
   6.2548236e+04   9.6295864e-01
   6.2578264e+04   9.6303438e-01
   6.2608277e+04   9.6306179e-01
   6.2639762e+04   9.6324009e-01
   6.2668240e+04   9.6333574e-01
   6.2696752e+04   9.6334312e-01
   6.2728275e+04   9.6344534e-01
   6.2759781e+04   9.6351720e-01
   6.2789730e+04   9.6357324e-01
   6.2819707e+04   9.6378612e-01
   6.2848086e+04   9.6378489e-01
   6.2876438e+04   9.6386494e-01
   6.2906492e+04   9.6402007e-01
   6.2938004e+04   9.6407571e-01
   6.2968049e+04   9.6416836e-01
   6.2996588e+04   9.6417399e-01
   6.3027971e+04   9.6433866e-01
   6.3059477e+04   9.6436612e-01
   6.3089508e+04   9.6453964e-01
   6.3119486e+04   9.6460946e-01
   6.3147980e+04   9.6458807e-01
   6.3176402e+04   9.6478135e-01
   6.3207920e+04   9.6460435e-01
   6.3238016e+04   9.6504350e-01
   6.3267932e+04   9.6513300e-01
   6.3297889e+04   9.6502450e-01
   6.3326443e+04   9.6509624e-01
   6.3356420e+04   9.6527281e-01
   6.3386379e+04   9.6537026e-01
   6.3416430e+04   9.6541728e-01
   6.3446389e+04   9.6545538e-01
   6.3477844e+04   9.6560166e-01
   6.3507844e+04   9.6562583e-01
   6.3536375e+04   9.6582859e-01
   6.3566432e+04   9.6578667e-01
   6.3596324e+04   9.6589302e-01
   6.3626266e+04   9.6599043e-01
   6.3656307e+04   9.6602175e-01
   6.3686346e+04   9.6597078e-01
   6.3716467e+04   9.6606848e-01
   6.3746539e+04   9.6623418e-01
   6.3776520e+04   9.6625246e-01
   6.3806543e+04   9.6642777e-01
   6.3836516e+04   9.6662060e-01
   6.3866479e+04   9.6669859e-01
   6.3896529e+04   9.6675959e-01
   6.3928021e+04   9.6673755e-01
   6.3957900e+04   9.6694345e-01
   6.3986328e+04   9.6699532e-01
   6.4016350e+04   9.6700409e-01
   6.4046361e+04   9.6724373e-01
   6.4076379e+04   9.6710157e-01
   6.4106438e+04   9.6728365e-01
   6.4136471e+04   9.6748013e-01
   6.4166504e+04   9.6739245e-01
   6.4196549e+04   9.6738176e-01
   6.4226570e+04   9.6754877e-01
   6.4256615e+04   9.6755254e-01
   6.4286557e+04   9.6776776e-01
   6.4316400e+04   9.6777237e-01
   6.4346240e+04   9.6800683e-01
   6.4376266e+04   9.6804053e-01
   6.4406395e+04   9.6811059e-01
   6.4436373e+04   9.6795925e-01
   6.4466393e+04   9.6827464e-01
   6.4496416e+04   9.6836737e-01
   6.4526350e+04   9.6837636e-01
   6.4556258e+04   9.6842124e-01
   6.4586309e+04   9.6853692e-01
   6.4616361e+04   9.6875643e-01
   6.4646252e+04   9.6866278e-01
   6.4676225e+04   9.6882958e-01
   6.4706188e+04   9.6895507e-01
   6.4736131e+04   9.6887146e-01
   6.4766182e+04   9.6892586e-01
   6.4796184e+04   9.6918545e-01
   6.4826184e+04   9.6908786e-01
   6.4856205e+04   9.6913552e-01
   6.4886184e+04   9.6930235e-01
   6.4916203e+04   9.6951714e-01
   6.4946174e+04   9.6942959e-01
   6.4976113e+04   9.6970257e-01
   6.5006113e+04   9.6958575e-01
   6.5036047e+04   9.6986389e-01
   6.5065986e+04   9.6983252e-01
   6.5095998e+04   9.7001013e-01
   6.5126088e+04   9.6989495e-01
   6.5156100e+04   9.7017845e-01
   6.5186086e+04   9.7022204e-01
   6.5216074e+04   9.7040132e-01
   6.5246086e+04   9.7033858e-01
   6.5276031e+04   9.7045706e-01
   6.5305977e+04   9.7051027e-01
   6.5336045e+04   9.7063181e-01
   6.5365998e+04   9.7063265e-01
   6.5395953e+04   9.7084367e-01
   6.5425984e+04   9.7079947e-01
   6.5456021e+04   9.7071714e-01
   6.5485891e+04   9.7082082e-01
   6.5515727e+04   9.7098918e-01
   6.5545697e+04   9.7111575e-01
   6.5575742e+04   9.7122688e-01
   6.5605688e+04   9.7133945e-01
   6.5634102e+04   9.7123981e-01
   6.5664129e+04   9.7152298e-01
   6.5695613e+04   9.7163592e-01
   6.5725535e+04   9.7167887e-01
   6.5755551e+04   9.7168226e-01
   6.5785609e+04   9.7183116e-01
   6.5815559e+04   9.7183342e-01
   6.5845574e+04   9.7194435e-01
   6.5875656e+04   9.7206964e-01
   6.5905680e+04   9.7218483e-01
   6.5935543e+04   9.7221910e-01
   6.5965543e+04   9.7228330e-01
   6.5995652e+04   9.7239011e-01
   6.6024113e+04   9.7240643e-01
   6.6052602e+04   9.7252221e-01
   6.6084070e+04   9.7261559e-01
   6.6115590e+04   9.7266487e-01
   6.6145531e+04   9.7283817e-01
   6.6173996e+04   9.7279862e-01
   6.6202484e+04   9.7292028e-01
   6.6233945e+04   9.7290091e-01
   6.6265410e+04   9.7297781e-01
   6.6295340e+04   9.7306706e-01
   6.6325434e+04   9.7322222e-01
   6.6355488e+04   9.7333265e-01
   6.6383902e+04   9.7340845e-01
   6.6413848e+04   9.7357138e-01
   6.6443812e+04   9.7344518e-01
   6.6472262e+04   9.7353816e-01
   6.6503754e+04   9.7352407e-01
   6.6535270e+04   9.7369030e-01
   6.6565312e+04   9.7390995e-01
   6.6595355e+04   9.7392880e-01
   6.6625227e+04   9.7385685e-01
   6.6653621e+04   9.7414870e-01
   6.6682199e+04   9.7405782e-01
   6.6713707e+04   9.7423949e-01
   6.6745223e+04   9.7433678e-01
   6.6775254e+04   9.7436249e-01
   6.6803676e+04   9.7449762e-01
   6.6833652e+04   9.7448109e-01
   6.6865207e+04   9.7451764e-01
   6.6893773e+04   9.7462837e-01
   6.6922254e+04   9.7474256e-01
   6.6953691e+04   9.7486396e-01
   6.6983699e+04   9.7491938e-01
   6.7012160e+04   9.7496550e-01
   6.7042145e+04   9.7509472e-01
   6.7072160e+04   9.7512036e-01
   6.7102141e+04   9.7522460e-01
   6.7132121e+04   9.7524555e-01
   6.7163711e+04   9.7533231e-01
   6.7195223e+04   9.7540684e-01
   6.7223660e+04   9.7556390e-01
   6.7252148e+04   9.7553185e-01
   6.7283621e+04   9.7572096e-01
   6.7313715e+04   9.7568824e-01
   6.7342207e+04   9.7569474e-01
   6.7372168e+04   9.7586912e-01
   6.7403746e+04   9.7600095e-01
   6.7433691e+04   9.7603190e-01
   6.7463684e+04   9.7605692e-01
   6.7495273e+04   9.7611570e-01
   6.7523703e+04   9.7621605e-01
   6.7552176e+04   9.7626282e-01
   6.7583742e+04   9.7642746e-01
   6.7615172e+04   9.7647617e-01
   6.7643621e+04   9.7657792e-01
   6.7672172e+04   9.7665956e-01
   6.7702168e+04   9.7670388e-01
   6.7732160e+04   9.7673225e-01
   6.7762168e+04   9.7673447e-01
   6.7793676e+04   9.7688033e-01
   6.7823672e+04   9.7692980e-01
   6.7852160e+04   9.7707780e-01
   6.7882199e+04   9.7708859e-01
   6.7912180e+04   9.7722458e-01
   6.7942066e+04   9.7724977e-01
   6.7971949e+04   9.7732615e-01
   6.8001980e+04   9.7731726e-01
   6.8031996e+04   9.7743356e-01
   6.8061918e+04   9.7753740e-01
   6.8091910e+04   9.7758927e-01
   6.8121980e+04   9.7763213e-01
   6.8151988e+04   9.7775581e-01
   6.8181895e+04   9.7784577e-01
   6.8211805e+04   9.7792235e-01
   6.8241801e+04   9.7795631e-01
   6.8271770e+04   9.7808331e-01
   6.8301715e+04   9.7812673e-01
   6.8331766e+04   9.7815929e-01
   6.8361773e+04   9.7826738e-01
   6.8391730e+04   9.7836419e-01
   6.8421703e+04   9.7842669e-01
   6.8451707e+04   9.7849692e-01
   6.8481691e+04   9.7855506e-01
   6.8511660e+04   9.7870300e-01
   6.8541668e+04   9.7875208e-01
   6.8571672e+04   9.7880788e-01
   6.8601656e+04   9.7887492e-01
   6.8631672e+04   9.7897207e-01
   6.8661707e+04   9.7897177e-01
   6.8691684e+04   9.7918890e-01
   6.8721633e+04   9.7911934e-01
   6.8751664e+04   9.7920466e-01
   6.8781730e+04   9.7926082e-01
   6.8811656e+04   9.7936261e-01
   6.8841602e+04   9.7938031e-01
   6.8871637e+04   9.7955492e-01
   6.8901664e+04   9.7958222e-01
   6.8931695e+04   9.7969940e-01
   6.8961641e+04   9.7974384e-01
   6.8991617e+04   9.7979846e-01
   6.9021516e+04   9.7982915e-01
   6.9051293e+04   9.7998439e-01
   6.9081223e+04   9.7999564e-01
   6.9111293e+04   9.8005791e-01
   6.9141406e+04   9.8015738e-01
   6.9171316e+04   9.8016071e-01
   6.9202719e+04   9.8028319e-01
   6.9232723e+04   9.8029791e-01
   6.9261137e+04   9.8039666e-01
   6.9291086e+04   9.8049061e-01
   6.9321113e+04   9.8049947e-01
   6.9351125e+04   9.8059462e-01
   6.9381148e+04   9.8068863e-01
   6.9411180e+04   9.8072449e-01
   6.9441137e+04   9.8085916e-01
   6.9471109e+04   9.8091329e-01
   6.9501141e+04   9.8092370e-01
   6.9531141e+04   9.8099471e-01
   6.9561102e+04   9.8107193e-01
   6.9589648e+04   9.8118676e-01
   6.9618141e+04   9.8123969e-01
   6.9648117e+04   9.8125768e-01
   6.9679621e+04   9.8149462e-01
   6.9711094e+04   9.8137358e-01
   6.9741109e+04   9.8148995e-01
   6.9771121e+04   9.8158037e-01
   6.9801160e+04   9.8162991e-01
   6.9829625e+04   9.8161793e-01
   6.9858012e+04   9.8176264e-01
   6.9888027e+04   9.8182701e-01
   6.9919516e+04   9.8192940e-01
   6.9950945e+04   9.8192672e-01
   6.9980934e+04   9.8205790e-01
   7.0010969e+04   9.8205958e-01
   7.0040984e+04   9.8223122e-01
   7.0070914e+04   9.8216566e-01
   7.0099398e+04   9.8239154e-01
   7.0129383e+04   9.8235813e-01
   7.0159383e+04   9.8246812e-01
   7.0189344e+04   9.8251969e-01
   7.0220836e+04   9.8261994e-01
   7.0250879e+04   9.8261575e-01
   7.0280863e+04   9.8273262e-01
   7.0309316e+04   9.8281465e-01
   7.0339254e+04   9.8277282e-01
   7.0369293e+04   9.8294711e-01
   7.0399340e+04   9.8299540e-01
   7.0429352e+04   9.8304023e-01
   7.0457863e+04   9.8306754e-01
   7.0487809e+04   9.8311197e-01
   7.0519215e+04   9.8315892e-01
   7.0549242e+04   9.8327586e-01
   7.0577781e+04   9.8326377e-01
   7.0607711e+04   9.8342297e-01
   7.0639195e+04   9.8344213e-01
   7.0669262e+04   9.8358057e-01
   7.0697723e+04   9.8353118e-01
   7.0727695e+04   9.8355637e-01
   7.0757703e+04   9.8367240e-01
   7.0787711e+04   9.8390544e-01
   7.0817750e+04   9.8372169e-01
   7.0847754e+04   9.8396875e-01
   7.0877730e+04   9.8399429e-01
   7.0907723e+04   9.8405015e-01
   7.0937723e+04   9.8409929e-01
   7.0967699e+04   9.8421910e-01
   7.0997746e+04   9.8415771e-01
   7.1027715e+04   9.8422884e-01
   7.1059148e+04   9.8435415e-01
   7.1089227e+04   9.8440199e-01
   7.1117766e+04   9.8449301e-01
   7.1147684e+04   9.8456818e-01
   7.1177664e+04   9.8458544e-01
   7.1207656e+04   9.8470842e-01
   7.1237609e+04   9.8468900e-01
   7.1267648e+04   9.8470186e-01
   7.1297699e+04   9.8487127e-01
   7.1327695e+04   9.8503138e-01
   7.1357660e+04   9.8491509e-01
   7.1387609e+04   9.8518298e-01
   7.1417613e+04   9.8509454e-01
   7.1447629e+04   9.8516390e-01
   7.1477621e+04   9.8519876e-01
   7.1507574e+04   9.8526976e-01
   7.1537605e+04   9.8526771e-01
   7.1567645e+04   9.8539937e-01
   7.1969418e+04   9.8710134e-01
   7.2359188e+04   9.8712842e-01
   7.2377188e+04   9.8710436e-01
   7.2407266e+04   9.8718171e-01
   7.2437289e+04   9.8734115e-01
   7.2467223e+04   9.8731257e-01
   7.2497223e+04   9.8749249e-01
   7.2527312e+04   9.8745349e-01
   7.2557227e+04   9.8764032e-01
   7.2585465e+04   9.8773138e-01
   7.2615344e+04   9.8764276e-01
   7.2646871e+04   9.8786967e-01
   7.2676820e+04   9.8779737e-01
   7.2706785e+04   9.8796322e-01
   7.2736777e+04   9.8785900e-01
   7.2766758e+04   9.8806586e-01
   7.2796750e+04   9.8804766e-01
   7.2826773e+04   9.8818518e-01
   7.2856789e+04   9.8820922e-01
   7.2886797e+04   9.8823477e-01
   7.2916758e+04   9.8834458e-01
   7.2946738e+04   9.8842116e-01
   7.2976812e+04   9.8846064e-01
   7.3006773e+04   9.8846071e-01
   7.3036750e+04   9.8863857e-01
   7.3066801e+04   9.8861956e-01
   7.3096805e+04   9.8875032e-01
   7.3125219e+04   9.8885899e-01
   7.3153664e+04   9.8881310e-01
   7.3185246e+04   9.8889293e-01
   7.3215266e+04   9.8886481e-01
   7.3245211e+04   9.8889353e-01
   7.3276719e+04   9.8917373e-01
   7.3305219e+04   9.8921050e-01
   7.3335176e+04   9.8916958e-01
   7.3366680e+04   9.8927870e-01
   7.3396652e+04   9.8933569e-01
   7.3426668e+04   9.8938703e-01
   7.3456574e+04   9.8937238e-01
   7.3486434e+04   9.8954247e-01
   7.3514922e+04   9.8944101e-01
   7.3544938e+04   9.8954847e-01
   7.3576426e+04   9.8967389e-01
   7.3606391e+04   9.8976382e-01
   7.3636441e+04   9.8975752e-01
   7.3664934e+04   9.8992433e-01
   7.3694910e+04   9.8990357e-01
   7.3726414e+04   9.8995886e-01
   7.3756336e+04   9.8995053e-01
   7.3786297e+04   9.9005268e-01
   7.3816332e+04   9.9017871e-01
   7.3844848e+04   9.9017042e-01
   7.3873371e+04   9.9028013e-01
   7.3904832e+04   9.9035959e-01
   7.3934809e+04   9.9038477e-01
   7.3963367e+04   9.9046698e-01
   7.3993387e+04   9.9044370e-01
   7.4023375e+04   9.9051044e-01
   7.4053375e+04   9.9059929e-01
   7.4084898e+04   9.9065615e-01
   7.4116336e+04   9.9069792e-01
   7.4144781e+04   9.9087602e-01
   7.4173305e+04   9.9073527e-01
   7.4204789e+04   9.9089028e-01
   7.4234746e+04   9.9091487e-01
   7.4263234e+04   9.9105843e-01
   7.4294680e+04   9.9110151e-01
   7.4324719e+04   9.9118894e-01
   7.4353367e+04   9.9127126e-01
   7.4384914e+04   9.9122625e-01
   7.4414961e+04   9.9133749e-01
   7.4443477e+04   9.9144460e-01
   7.4473414e+04   9.9141590e-01
   7.4503387e+04   9.9145325e-01
   7.4533449e+04   9.9167442e-01
   7.4563418e+04   9.9163717e-01
   7.4593320e+04   9.9177808e-01
   7.4623324e+04   9.9163788e-01
   7.4653371e+04   9.9186826e-01
   7.4683395e+04   9.9191656e-01
   7.4713402e+04   9.9190232e-01
   7.4743402e+04   9.9194457e-01
   7.4773398e+04   9.9198950e-01
   7.4803340e+04   9.9217163e-01
   7.4833387e+04   9.9206872e-01
   7.4863426e+04   9.9224667e-01
   7.4893332e+04   9.9229690e-01
   7.4923316e+04   9.9240160e-01
   7.4953363e+04   9.9234555e-01
   7.4983395e+04   9.9252434e-01
   7.5013324e+04   9.9238929e-01
   7.5044777e+04   9.9246929e-01
   7.5074746e+04   9.9265290e-01
   7.5103238e+04   9.9253450e-01
   7.5133273e+04   9.9268425e-01
   7.5163254e+04   9.9265832e-01
   7.5193270e+04   9.9279376e-01
   7.5223242e+04   9.9284497e-01
   7.5253133e+04   9.9295834e-01
   7.5284594e+04   9.9280815e-01
   7.5314633e+04   9.9301969e-01
   7.5343090e+04   9.9324728e-01
   7.5373043e+04   9.9323403e-01
   7.5403055e+04   9.9323091e-01
   7.5433059e+04   9.9331854e-01
   7.5463059e+04   9.9312220e-01
   7.5493070e+04   9.9352023e-01
   7.5523043e+04   9.9339508e-01
   7.5552977e+04   9.9355636e-01
   7.5582957e+04   9.9364972e-01
   7.5612961e+04   9.9370391e-01
   7.5643020e+04   9.9362495e-01
   7.5673027e+04   9.9379825e-01
   7.5703004e+04   9.9384194e-01
   7.5733008e+04   9.9392596e-01
   7.5763008e+04   9.9379944e-01
   7.5793004e+04   9.9405785e-01
   7.5822930e+04   9.9404359e-01
   7.5852926e+04   9.9409801e-01
   7.5882961e+04   9.9401465e-01
   7.5912992e+04   9.9420019e-01
   7.5942988e+04   9.9420192e-01
   7.5972941e+04   9.9423828e-01
   7.6002906e+04   9.9423340e-01
   7.6032891e+04   9.9437965e-01
   7.6062902e+04   9.9442737e-01
   7.6092938e+04   9.9450352e-01
   7.6122816e+04   9.9465295e-01
   7.6152594e+04   9.9466709e-01
   7.6182586e+04   9.9477151e-01
   7.6212594e+04   9.9460698e-01
   7.6242539e+04   9.9484900e-01
   7.6272508e+04   9.9478082e-01
   7.6302555e+04   9.9497723e-01
   7.6334070e+04   9.9507895e-01
   7.6364023e+04   9.9515788e-01
   7.6392574e+04   9.9508340e-01
   7.6422539e+04   9.9518791e-01
   7.6452453e+04   9.9524452e-01
   7.6482469e+04   9.9527487e-01
   7.6512461e+04   9.9541039e-01
   7.6542445e+04   9.9532984e-01
   7.6572438e+04   9.9541705e-01
   7.6602492e+04   9.9548208e-01
   7.6632547e+04   9.9567442e-01
   7.6662512e+04   9.9566660e-01
   7.6692469e+04   9.9552264e-01
   7.6722477e+04   9.9570083e-01
   7.6752520e+04   9.9585083e-01
   7.6782484e+04   9.9595062e-01
   7.6812430e+04   9.9593252e-01
   7.6842453e+04   9.9608993e-01
   7.6872492e+04   9.9599022e-01
   7.6902496e+04   9.9616413e-01
   7.6932438e+04   9.9618633e-01
   7.6962387e+04   9.9633780e-01
   7.6992312e+04   9.9625373e-01
   7.7022258e+04   9.9626801e-01
   7.7052270e+04   9.9621944e-01
   7.7082293e+04   9.9643172e-01
   7.7112258e+04   9.9649161e-01
   7.7142223e+04   9.9642457e-01
   7.7172211e+04   9.9643850e-01
   7.7200711e+04   9.9673787e-01
   7.7229148e+04   9.9660500e-01
   7.7260602e+04   9.9663292e-01
   7.7290602e+04   9.9675858e-01
   7.7319086e+04   9.9670468e-01
   7.7350582e+04   9.9676712e-01
   7.7380539e+04   9.9675900e-01
   7.7410570e+04   9.9688667e-01
   7.7440578e+04   9.9691417e-01
   7.7469082e+04   9.9704401e-01
   7.7499121e+04   9.9696186e-01
   7.7530613e+04   9.9712544e-01
   7.7562082e+04   9.9730795e-01
   7.7592039e+04   9.9716723e-01
   7.7622020e+04   9.9738814e-01
   7.7652000e+04   9.9731104e-01
   7.7681984e+04   9.9742775e-01
   7.7711984e+04   9.9764679e-01
   7.7741973e+04   9.9759863e-01
   7.7771973e+04   9.9764500e-01
   7.7800434e+04   9.9763303e-01
   7.7828941e+04   9.9777044e-01
   7.7859004e+04   9.9782101e-01
   7.7890602e+04   9.9785242e-01
   7.7922207e+04   9.9796402e-01
   7.7950711e+04   9.9798309e-01
   7.7979191e+04   9.9807483e-01
   7.8009230e+04   9.9811434e-01
   7.8039199e+04   9.9813887e-01
   7.8069242e+04   9.9816060e-01
   7.8100832e+04   9.9835120e-01
   7.8130738e+04   9.9836465e-01
   7.8159195e+04   9.9846647e-01
   7.8190766e+04   9.9849320e-01
   7.8220785e+04   9.9856250e-01
   7.8250766e+04   9.9857479e-01
   7.8280750e+04   9.9850497e-01
   7.8309219e+04   9.9866502e-01
   7.8339195e+04   9.9854797e-01
   7.8369234e+04   9.9854197e-01
   7.8399316e+04   9.9867343e-01
   7.8429367e+04   9.9888614e-01
   7.8459352e+04   9.9909483e-01
   7.8490863e+04   9.9897947e-01
   7.8520855e+04   9.9904288e-01
   7.8550766e+04   9.9915044e-01
   7.8580762e+04   9.9924584e-01
   7.8609281e+04   9.9915885e-01
   7.8639266e+04   9.9934109e-01
   7.8669266e+04   9.9935293e-01
   7.8699223e+04   9.9938618e-01
   7.8729199e+04   9.9929890e-01
   7.8759133e+04   9.9934919e-01
   7.8789074e+04   9.9951384e-01
   7.8819090e+04   9.9952663e-01
   7.8849066e+04   9.9947781e-01
   7.8879016e+04   9.9966893e-01
   7.8908988e+04   9.9959577e-01
   7.8939027e+04   9.9971577e-01
   7.8969051e+04   9.9980670e-01
   7.8999039e+04   9.9981639e-01
   7.9028988e+04   9.9992213e-01
   7.9058957e+04   9.9998690e-01
   7.9088891e+04   1.0001000e+00
   7.9118844e+04   1.0000092e+00
   7.9148887e+04   1.0000414e+00
   7.9178934e+04   1.0002490e+00
   7.9208965e+04   1.0003316e+00
   7.9238965e+04   1.0003755e+00
   7.9268941e+04   1.0003714e+00
   7.9298953e+04   1.0003623e+00
   7.9328973e+04   1.0003605e+00
   7.9358922e+04   1.0004870e+00
   7.9388902e+04   1.0004696e+00
   7.9418883e+04   1.0005136e+00
   7.9448832e+04   1.0004819e+00
   7.9478816e+04   1.0007367e+00
   7.9508855e+04   1.0007331e+00
   7.9538852e+04   1.0008271e+00
   7.9568812e+04   1.0008397e+00
   7.9598809e+04   1.0007290e+00
   7.9628820e+04   1.0007816e+00
   7.9658676e+04   1.0010111e+00
   7.9688520e+04   1.0010873e+00
   7.9718523e+04   1.0011231e+00
   7.9748562e+04   1.0009946e+00
   7.9778516e+04   1.0012374e+00
   7.9808473e+04   1.0011417e+00
   7.9838516e+04   1.0011291e+00
   7.9868453e+04   1.0012408e+00
   7.9898438e+04   1.0012708e+00
   7.9928453e+04   1.0013141e+00
   7.9958438e+04   1.0014348e+00
   7.9988430e+04   1.0015274e+00
   8.0018406e+04   1.0016700e+00
   8.0048359e+04   1.0016264e+00
   8.0078355e+04   1.0015370e+00
   8.0108379e+04   1.0016132e+00
   8.0138379e+04   1.0018840e+00
   8.0168422e+04   1.0018403e+00
   8.0198438e+04   1.0017895e+00
   8.0228422e+04   1.0019222e+00
   8.0258352e+04   1.0019166e+00
   8.0288312e+04   1.0020720e+00
   8.0318340e+04   1.0020248e+00
   8.0348320e+04   1.0021809e+00
   8.0378289e+04   1.0021332e+00
   8.0408309e+04   1.0023299e+00
   8.0438332e+04   1.0023786e+00
   8.0468316e+04   1.0023553e+00
   8.0498281e+04   1.0023892e+00
   8.0528203e+04   1.0022593e+00
   8.0558137e+04   1.0023865e+00
   8.0588156e+04   1.0026070e+00
   8.0618215e+04   1.0026094e+00
   8.0646629e+04   1.0027160e+00
   8.0676562e+04   1.0027018e+00
   8.0708098e+04   1.0027922e+00
   8.0738117e+04   1.0027174e+00
   8.0768105e+04   1.0028521e+00
   8.0798043e+04   1.0027575e+00
   8.0827961e+04   1.0027904e+00
   8.0857922e+04   1.0029482e+00
   8.0887984e+04   1.0029500e+00
   8.0918023e+04   1.0031804e+00
   8.0947969e+04   1.0031914e+00
   8.0977922e+04   1.0031250e+00
   8.1007934e+04   1.0031476e+00
   8.1037965e+04   1.0031676e+00
   8.1068027e+04   1.0032396e+00
   8.1098051e+04   1.0034285e+00
   8.1128023e+04   1.0034015e+00
   8.1158012e+04   1.0034603e+00
   8.1188012e+04   1.0035200e+00
   8.1217969e+04   1.0035441e+00
   8.1247949e+04   1.0035474e+00
   8.1277969e+04   1.0036168e+00
   8.1307922e+04   1.0037006e+00
   8.1337883e+04   1.0037770e+00
   8.1367898e+04   1.0037753e+00
   8.1397910e+04   1.0038484e+00
   8.1427926e+04   1.0038626e+00
   8.1456391e+04   1.0038962e+00
   8.1486383e+04   1.0039854e+00
   8.1517898e+04   1.0039792e+00
   8.1547887e+04   1.0041827e+00
   8.1576379e+04   1.0041854e+00
   8.1604840e+04   1.0042221e+00
   8.1634797e+04   1.0042969e+00
   8.1666301e+04   1.0043346e+00
   8.1696270e+04   1.0042512e+00
   8.1724777e+04   1.0046194e+00
   8.1754781e+04   1.0044175e+00
   8.1786258e+04   1.0044665e+00
   8.1817801e+04   1.0046025e+00
   8.1846301e+04   1.0046350e+00
   8.1874801e+04   1.0046956e+00
   8.1904828e+04   1.0047510e+00
   8.1934855e+04   1.0049011e+00
   8.1964828e+04   1.0047414e+00
   8.1996309e+04   1.0049641e+00
   8.2027809e+04   1.0050467e+00
   8.2056320e+04   1.0050359e+00
   8.2084715e+04   1.0050673e+00
   8.2116152e+04   1.0049562e+00
   8.2147711e+04   1.0051452e+00
   8.2176152e+04   1.0051380e+00
   8.2204609e+04   1.0052169e+00
   8.2234656e+04   1.0052025e+00
   8.2264691e+04   1.0054104e+00
   8.2294652e+04   1.0054501e+00
   8.2324566e+04   1.0054980e+00
   8.2354488e+04   1.0054375e+00
   8.2384477e+04   1.0055113e+00
   8.2414484e+04   1.0055884e+00
   8.2446023e+04   1.0056108e+00
   8.2476055e+04   1.0057154e+00
   8.2504527e+04   1.0056764e+00
   8.2534434e+04   1.0058965e+00
   8.2564379e+04   1.0057116e+00
   8.2594402e+04   1.0058263e+00
   8.2624453e+04   1.0059508e+00
   8.2654445e+04   1.0060750e+00
   8.2685938e+04   1.0060267e+00
   8.2715996e+04   1.0060875e+00
   8.2744449e+04   1.0061001e+00
   8.2774395e+04   1.0062002e+00
   8.2804414e+04   1.0061226e+00
   8.2834445e+04   1.0061929e+00
   8.2864422e+04   1.0064666e+00
   8.2894379e+04   1.0063310e+00
   8.2924418e+04   1.0065185e+00
   8.2954480e+04   1.0063282e+00
   8.2984410e+04   1.0064663e+00
   8.3014355e+04   1.0065603e+00
   8.3044352e+04   1.0065237e+00
   8.3074297e+04   1.0066017e+00
   8.3104289e+04   1.0065917e+00
   8.3134293e+04   1.0066764e+00
   8.3164316e+04   1.0069346e+00
   8.3194184e+04   1.0068838e+00
   8.3224004e+04   1.0068611e+00
   8.3253996e+04   1.0068285e+00
   8.3284039e+04   1.0069727e+00
   8.3314027e+04   1.0069515e+00
   8.3343875e+04   1.0070153e+00
   8.3373844e+04   1.0069332e+00
   8.3403887e+04   1.0072206e+00
   8.3433863e+04   1.0070793e+00
   8.3463828e+04   1.0072547e+00
   8.3493859e+04   1.0073194e+00
   8.3523852e+04   1.0073083e+00
   8.3553793e+04   1.0073155e+00
   8.3583863e+04   1.0075087e+00
   8.3613973e+04   1.0075062e+00
   8.3643980e+04   1.0075444e+00
   8.3673879e+04   1.0075355e+00
   8.3703844e+04   1.0074816e+00
   8.3733832e+04   1.0076107e+00
   8.3763859e+04   1.0077595e+00
   8.3793871e+04   1.0077036e+00
   8.3823852e+04   1.0078017e+00
   8.3853840e+04   1.0078305e+00
   8.3883844e+04   1.0076698e+00
   8.3913773e+04   1.0078237e+00
   8.3942180e+04   1.0078749e+00
   8.3972191e+04   1.0078428e+00
   8.4003750e+04   1.0078542e+00
   8.4033805e+04   1.0080371e+00
   8.4063750e+04   1.0080548e+00
   8.4093609e+04   1.0080787e+00
   8.4123559e+04   1.0081074e+00
   8.4153613e+04   1.0081378e+00
   8.4183562e+04   1.0083328e+00
   8.4213496e+04   1.0082906e+00
   8.4243500e+04   1.0083570e+00
   8.4273488e+04   1.0083271e+00
   8.4303492e+04   1.0083497e+00
   8.4333527e+04   1.0083504e+00
   8.4363523e+04   1.0085268e+00
   8.4393531e+04   1.0084618e+00
   8.4423457e+04   1.0085332e+00
   8.4453438e+04   1.0085749e+00
   8.4483484e+04   1.0086264e+00
   8.4513418e+04   1.0086251e+00
   8.4541973e+04   1.0088072e+00
   8.4570527e+04   1.0087366e+00
   8.4601953e+04   1.0089480e+00
   8.4633406e+04   1.0090894e+00
   8.4663461e+04   1.0089846e+00
   8.4693453e+04   1.0090896e+00
   8.4721918e+04   1.0090905e+00
   8.4751957e+04   1.0092003e+00
   8.4783406e+04   1.0092127e+00
   8.4811871e+04   1.0092388e+00
   8.4841891e+04   1.0091853e+00
   8.4873375e+04   1.0092064e+00
   8.4903375e+04   1.0092809e+00
   8.4931848e+04   1.0093134e+00
   8.4961844e+04   1.0094107e+00
   8.4993414e+04   1.0094201e+00
   8.5021938e+04   1.0097125e+00
   8.5050457e+04   1.0096013e+00
   8.5080418e+04   1.0097129e+00
   8.5111879e+04   1.0098270e+00
   8.5143422e+04   1.0098012e+00
   8.5171934e+04   1.0098901e+00
   8.5200441e+04   1.0099137e+00
   8.5231898e+04   1.0097814e+00
   8.5261816e+04   1.0098590e+00
   8.5291832e+04   1.0098766e+00
   8.5323375e+04   1.0099372e+00
   8.5353344e+04   1.0101547e+00
   8.5381805e+04   1.0100022e+00
   8.5410305e+04   1.0102456e+00
   8.5440344e+04   1.0101679e+00
   8.5471891e+04   1.0103135e+00
   8.5503406e+04   1.0102596e+00
   8.5531855e+04   1.0103005e+00
   8.5560301e+04   1.0104089e+00
   8.5590312e+04   1.0105567e+00
   8.5620297e+04   1.0104760e+00
   8.5650285e+04   1.0105416e+00
   8.5681797e+04   1.0105374e+00
   8.5713312e+04   1.0105416e+00
   8.5741852e+04   1.0106302e+00
   8.5771844e+04   1.0106990e+00
   8.5801809e+04   1.0108032e+00
   8.5830250e+04   1.0108453e+00
   8.5860176e+04   1.0108822e+00
   8.5890133e+04   1.0108833e+00
   8.5920148e+04   1.0109742e+00
   8.5950047e+04   1.0109930e+00
   8.5981492e+04   1.0110939e+00
   8.6011609e+04   1.0111490e+00
   8.6040129e+04   1.0111694e+00
   8.6070086e+04   1.0111948e+00
   8.6100059e+04   1.0112947e+00
   8.6130074e+04   1.0112669e+00
   8.6160090e+04   1.0113019e+00
   8.6190078e+04   1.0113773e+00
   8.6220082e+04   1.0112023e+00
   8.6250059e+04   1.0112881e+00
   8.6280012e+04   1.0115392e+00
   8.6310008e+04   1.0115056e+00
   8.6339961e+04   1.0114891e+00
   8.6369969e+04   1.0116097e+00
   8.6400039e+04   1.0115622e+00
   8.6430031e+04   1.0116992e+00
   8.6460000e+04   1.0116229e+00
   8.6490016e+04   1.0118347e+00
   8.6520004e+04   1.0118485e+00
   8.6549992e+04   1.0118295e+00
   8.6579973e+04   1.0118712e+00
   8.6609949e+04   1.0119512e+00
   8.6639965e+04   1.0119822e+00
   8.6669910e+04   1.0120802e+00
   8.6699914e+04   1.0121526e+00
   8.6729785e+04   1.0120780e+00
   8.6759594e+04   1.0120167e+00
   8.6789551e+04   1.0120254e+00
   8.6819586e+04   1.0120788e+00
   8.6849629e+04   1.0121915e+00
   8.6879598e+04   1.0122182e+00
   8.6909570e+04   1.0123920e+00
   8.6939594e+04   1.0124231e+00
   8.6969574e+04   1.0124033e+00
   8.6999512e+04   1.0125295e+00
   8.7029531e+04   1.0125213e+00
   8.7059527e+04   1.0124002e+00
   8.7089504e+04   1.0126146e+00
   8.7119461e+04   1.0127674e+00
   8.7149488e+04   1.0127500e+00
   8.7179555e+04   1.0126720e+00
   8.7209516e+04   1.0128344e+00
   8.7239523e+04   1.0128229e+00
   8.7269527e+04   1.0128372e+00
   8.7299496e+04   1.0130987e+00
   8.7329523e+04   1.0129410e+00
   8.7359539e+04   1.0129297e+00
   8.7389473e+04   1.0129812e+00
   8.7419477e+04   1.0130757e+00
   8.7449516e+04   1.0131439e+00
   8.7477992e+04   1.0129978e+00
   8.7507977e+04   1.0131836e+00
   8.7539465e+04   1.0131400e+00
   8.7569449e+04   1.0133422e+00
   8.7597918e+04   1.0132313e+00
   8.7627863e+04   1.0132258e+00
   8.7659266e+04   1.0133098e+00
   8.7689258e+04   1.0134691e+00
   8.7719277e+04   1.0134283e+00
   8.7749242e+04   1.0134195e+00
   8.7779250e+04   1.0135502e+00
   8.7809293e+04   1.0135407e+00
   8.7839316e+04   1.0137554e+00
   8.7869277e+04   1.0137185e+00
   8.7899289e+04   1.0137590e+00
   8.7929293e+04   1.0138494e+00
   8.7959176e+04   1.0139179e+00
   8.7989180e+04   1.0138730e+00
   8.8019230e+04   1.0140128e+00
   8.8049219e+04   1.0141234e+00
   8.8079176e+04   1.0140984e+00
   8.8109109e+04   1.0140741e+00
   8.8139164e+04   1.0140972e+00
   8.8169164e+04   1.0141639e+00
   8.8197625e+04   1.0142416e+00
   8.8227625e+04   1.0141490e+00
   8.8259137e+04   1.0142660e+00
   8.8287637e+04   1.0143069e+00
   8.8317648e+04   1.0143113e+00
   8.8349176e+04   1.0143968e+00
   8.8379148e+04   1.0144812e+00
   8.8407613e+04   1.0144592e+00
   8.8437590e+04   1.0145127e+00
   8.8467602e+04   1.0145703e+00
   8.8497676e+04   1.0145704e+00
   8.8529297e+04   1.0146808e+00
   8.8559352e+04   1.0147700e+00
   8.8589355e+04   1.0147864e+00
   8.8619312e+04   1.0147419e+00
   8.8649285e+04   1.0148645e+00
   8.8677805e+04   1.0148147e+00
   8.8706293e+04   1.0148665e+00
   8.8737727e+04   1.0149611e+00
   8.8769223e+04   1.0148870e+00
   8.8799312e+04   1.0151254e+00
   8.8827840e+04   1.0150641e+00
   8.8856301e+04   1.0151803e+00
   8.8886246e+04   1.0151297e+00
   8.8917785e+04   1.0151466e+00
   8.8949297e+04   1.0151969e+00
   8.8979266e+04   1.0152223e+00
   8.9009246e+04   1.0153138e+00
   8.9037781e+04   1.0154211e+00
   8.9066309e+04   1.0153142e+00
   8.9096223e+04   1.0153060e+00
   8.9126180e+04   1.0155421e+00
   8.9156176e+04   1.0155151e+00
   8.9186215e+04   1.0155065e+00
   8.9217734e+04   1.0155849e+00
   8.9247762e+04   1.0157228e+00
   8.9276199e+04   1.0156614e+00
   8.9307641e+04   1.0157186e+00
   8.9339223e+04   1.0157151e+00
   8.9367762e+04   1.0157555e+00
   8.9396156e+04   1.0159421e+00
   8.9426055e+04   1.0158327e+00
   8.9455996e+04   1.0159295e+00
   8.9485980e+04   1.0159830e+00
   8.9517477e+04   1.0159143e+00
   8.9547453e+04   1.0160419e+00
   8.9576000e+04   1.0160171e+00
   8.9605977e+04   1.0161422e+00
   8.9635941e+04   1.0161422e+00
   8.9665910e+04   1.0161951e+00
   8.9695859e+04   1.0161789e+00
   8.9725922e+04   1.0163215e+00
   8.9755961e+04   1.0163395e+00
   8.9785969e+04   1.0164112e+00
   8.9815961e+04   1.0164007e+00
   8.9845887e+04   1.0163448e+00
   8.9875941e+04   1.0165033e+00
   8.9906020e+04   1.0164803e+00
   8.9935945e+04   1.0165649e+00
   8.9965891e+04   1.0165790e+00
   8.9996793e+04   1.0166396e+00
   8.9999723e+04   1.0166467e+00
