   1.2103247e-02   7.7713510e-05
   3.2472366e+00   4.8976469e-05
   2.1214974e+01   6.5936933e-04
   5.2320599e+01   1.4544407e-03
   8.2298634e+01   2.2831123e-03
   1.1079751e+02   3.1112645e-03
   1.4080836e+02   3.9438698e-03
   1.7082615e+02   4.7691477e-03
   2.0078428e+02   5.6050063e-03
   2.3079428e+02   6.4323035e-03
   2.6077052e+02   7.2547434e-03
   2.9075546e+02   8.0812943e-03
   3.2064943e+02   8.9067758e-03
   3.5060316e+02   9.7264163e-03
   3.8064615e+02   1.0553463e-02
   4.1064151e+02   1.1378775e-02
   4.4068614e+02   1.2198125e-02
   4.7061044e+02   1.3027802e-02
   5.0053822e+02   1.3853815e-02
   5.3056128e+02   1.4673238e-02
   5.6059729e+02   1.5495039e-02
   5.9053543e+02   1.6310603e-02
   6.2043292e+02   1.7125905e-02
   6.5038321e+02   1.7946079e-02
   6.8036548e+02   1.8759050e-02
   7.1034174e+02   1.9579283e-02
   7.4027820e+02   2.0392977e-02
   7.7023801e+02   2.1202554e-02
   8.0024893e+02   2.2018072e-02
   8.3030045e+02   2.2826616e-02
   8.6025693e+02   2.3638023e-02
   8.9014072e+02   2.4440722e-02
   9.2005826e+02   2.5256214e-02
   9.5004315e+02   2.6065903e-02
   9.7999936e+02   2.6870833e-02
   1.0099586e+03   2.7674556e-02
   1.0399720e+03   2.8475393e-02
   1.0700063e+03   2.9274868e-02
   1.1000112e+03   3.0079252e-02
   1.1299646e+03   3.0870931e-02
   1.1599158e+03   3.1681607e-02
   1.1897458e+03   3.2468061e-02
   1.2196028e+03   3.3257452e-02
   1.2495730e+03   3.4044646e-02
   1.2795464e+03   3.4842518e-02
   1.3080081e+03   3.5637471e-02
   1.3379462e+03   3.6416627e-02
   1.3694673e+03   3.7206705e-02
   1.3994678e+03   3.7998025e-02
   1.4293775e+03   3.8770609e-02
   1.4593893e+03   3.9557416e-02
   1.4894720e+03   4.0344125e-02
   1.5195305e+03   4.1112883e-02
   1.5479740e+03   4.1883916e-02
   1.5763784e+03   4.2674995e-02
   1.6079082e+03   4.3443980e-02
   1.6393915e+03   4.4218077e-02
   1.6693246e+03   4.4992695e-02
   1.6992766e+03   4.5757556e-02
   1.7292250e+03   4.6529088e-02
   1.7575786e+03   4.7293302e-02
   1.7874477e+03   4.8048344e-02
   1.8189326e+03   4.8824684e-02
   1.8489254e+03   4.9580445e-02
   1.8788973e+03   5.0337361e-02
   1.9073745e+03   5.1097716e-02
   1.9374182e+03   5.1871960e-02
   1.9688676e+03   5.2615143e-02
   1.9987599e+03   5.3357508e-02
   2.0287579e+03   5.4119479e-02
   2.0573298e+03   5.4877145e-02
   2.0873094e+03   5.5626058e-02
   2.1187350e+03   5.6375088e-02
   2.1487363e+03   5.7111863e-02
   2.1772422e+03   5.7873845e-02
   2.2072471e+03   5.8600988e-02
   2.2387605e+03   5.9353671e-02
   2.2687246e+03   6.0084025e-02
   2.2972079e+03   6.0828107e-02
   2.3271521e+03   6.1559912e-02
   2.3571196e+03   6.2280398e-02
   2.3871868e+03   6.3040978e-02
   2.4186638e+03   6.3760651e-02
   2.4485735e+03   6.4494517e-02
   2.4770732e+03   6.5222322e-02
   2.5071256e+03   6.5947662e-02
   2.5370231e+03   6.6681742e-02
   2.5654579e+03   6.7415349e-02
   2.5969307e+03   6.8129999e-02
   2.6283905e+03   6.8852170e-02
   2.6566920e+03   6.9568294e-02
   2.6864269e+03   7.0291068e-02
   2.7178796e+03   7.0996886e-02
   2.7462606e+03   7.1701615e-02
   2.7745527e+03   7.2410726e-02
   2.8044449e+03   7.3124025e-02
   2.8344159e+03   7.3812136e-02
   2.8643879e+03   7.4535120e-02
   2.8944447e+03   7.5243045e-02
   2.9259969e+03   7.5950465e-02
   2.9559845e+03   7.6652234e-02
   2.9844567e+03   7.7342892e-02
   3.0159087e+03   7.8050938e-02
   3.0474247e+03   7.8755255e-02
   3.0759010e+03   7.9443635e-02
   3.1043790e+03   8.0142148e-02
   3.1343802e+03   8.0829064e-02
   3.1643860e+03   8.1525604e-02
   3.1944359e+03   8.2213694e-02
   3.2243999e+03   8.2911924e-02
   3.2543571e+03   8.3603255e-02
   3.2843492e+03   8.4290007e-02
   3.3143534e+03   8.4962845e-02
   3.3443728e+03   8.5642726e-02
   3.3743569e+03   8.6339828e-02
   3.4043271e+03   8.7020934e-02
   3.4343146e+03   8.7711006e-02
   3.4643245e+03   8.8388186e-02
   3.4942661e+03   8.9074706e-02
   3.5243660e+03   8.9739811e-02
   3.5545662e+03   9.0434218e-02
   3.5845322e+03   9.1104509e-02
   3.6145465e+03   9.1776277e-02
   3.6445687e+03   9.2466217e-02
   3.6745416e+03   9.3129852e-02
   3.7045946e+03   9.3825814e-02
   3.7346506e+03   9.4479308e-02
   3.7646191e+03   9.5166148e-02
   3.7945876e+03   9.5818254e-02
   3.8246289e+03   9.6510743e-02
   3.8786128e+03   9.7813948e-02
   3.9235972e+03   9.8489474e-02
   3.9446420e+03   9.9169023e-02
   3.9746892e+03   9.9818039e-02
   4.0046932e+03   1.0049530e-01
   4.0347145e+03   1.0115522e-01
   4.0647108e+03   1.0180484e-01
   4.0946255e+03   1.0248677e-01
   4.1246111e+03   1.0314358e-01
   4.1546863e+03   1.0377772e-01
   4.1847258e+03   1.0444464e-01
   4.2146973e+03   1.0509349e-01
   4.2446016e+03   1.0576493e-01
   4.2745566e+03   1.0642280e-01
   4.3046211e+03   1.0705885e-01
   4.3346675e+03   1.0772656e-01
   4.3646267e+03   1.0837665e-01
   4.3945986e+03   1.0905576e-01
   4.4245142e+03   1.0968701e-01
   4.4544211e+03   1.1034521e-01
   4.4844487e+03   1.1097892e-01
   4.5144336e+03   1.1167046e-01
   4.5444089e+03   1.1228420e-01
   4.5744294e+03   1.1289973e-01
   4.6044446e+03   1.1359211e-01
   4.6344387e+03   1.1421591e-01
   4.6644219e+03   1.1486935e-01
   4.6943923e+03   1.1549373e-01
   4.7244097e+03   1.1617014e-01
   4.7543801e+03   1.1679707e-01
   4.7858481e+03   1.1747125e-01
   4.8159021e+03   1.1810670e-01
   4.8473516e+03   1.1874828e-01
   4.8773313e+03   1.1937491e-01
   4.9043308e+03   1.2002700e-01
   4.9343442e+03   1.2067848e-01
   4.9643723e+03   1.2129096e-01
   4.9943191e+03   1.2192922e-01
   5.0242888e+03   1.2258110e-01
   5.0542974e+03   1.2321015e-01
   5.0843142e+03   1.2383670e-01
   5.1143535e+03   1.2448512e-01
   5.1443799e+03   1.2511489e-01
   5.1727939e+03   1.2575911e-01
   5.2027104e+03   1.2638682e-01
   5.2342366e+03   1.2706374e-01
   5.2642979e+03   1.2767384e-01
   5.2941870e+03   1.2831261e-01
   5.3240059e+03   1.2896500e-01
   5.3539753e+03   1.2954458e-01
   5.3839827e+03   1.3018668e-01
   5.4139675e+03   1.3082400e-01
   5.4439604e+03   1.3144317e-01
   5.4739412e+03   1.3205633e-01
   5.5024729e+03   1.3271542e-01
   5.5309490e+03   1.3333886e-01
   5.5609070e+03   1.3396927e-01
   5.5924309e+03   1.3455531e-01
   5.6238787e+03   1.3520969e-01
   5.6539058e+03   1.3584059e-01
   5.6839019e+03   1.3645971e-01
   5.7138362e+03   1.3705820e-01
   5.7423457e+03   1.3771505e-01
   5.7708357e+03   1.3830946e-01
   5.8023628e+03   1.3895724e-01
   5.8324600e+03   1.3956867e-01
   5.8609395e+03   1.4017096e-01
   5.8923396e+03   1.4082711e-01
   5.9238254e+03   1.4141409e-01
   5.9523411e+03   1.4203749e-01
   5.9808806e+03   1.4263386e-01
   6.0123384e+03   1.4325097e-01
   6.0438015e+03   1.4386697e-01
   6.0723203e+03   1.4448494e-01
   6.1023208e+03   1.4510072e-01
   6.1338240e+03   1.4570504e-01
   6.1638320e+03   1.4631958e-01
   6.1922952e+03   1.4695541e-01
   6.2206809e+03   1.4756348e-01
   6.2521123e+03   1.4817641e-01
   6.2835886e+03   1.4881448e-01
   6.3135850e+03   1.4938557e-01
   6.3420928e+03   1.5002066e-01
   6.3721289e+03   1.5065140e-01
   6.4021379e+03   1.5127628e-01
   6.4305991e+03   1.5183657e-01
   6.4605908e+03   1.5243190e-01
   6.4906477e+03   1.5309033e-01
   6.5206528e+03   1.5367293e-01
   6.5520725e+03   1.5428184e-01
   6.5835889e+03   1.5489139e-01
   6.6135618e+03   1.5549131e-01
   6.6435295e+03   1.5611292e-01
   6.6735898e+03   1.5670133e-01
   6.7021096e+03   1.5733895e-01
   6.7305947e+03   1.5788032e-01
   6.7605361e+03   1.5852230e-01
   6.7920747e+03   1.5913702e-01
   6.8221609e+03   1.5975264e-01
   6.8506011e+03   1.6034158e-01
   6.8805515e+03   1.6097640e-01
   6.9105647e+03   1.6151881e-01
   6.9405774e+03   1.6212284e-01
   6.9705286e+03   1.6273193e-01
   7.0005029e+03   1.6336090e-01
   7.0305068e+03   1.6395428e-01
   7.0620884e+03   1.6450607e-01
   7.0922329e+03   1.6514197e-01
   7.1207334e+03   1.6577035e-01
   7.1507761e+03   1.6635793e-01
   7.1808005e+03   1.6693356e-01
   7.2107844e+03   1.6754020e-01
   7.2407612e+03   1.6808790e-01
   7.2707502e+03   1.6872907e-01
   7.3007466e+03   1.6929490e-01
   7.3307266e+03   1.6991241e-01
   7.3607114e+03   1.7050955e-01
   7.3906702e+03   1.7109257e-01
   7.4206299e+03   1.7163288e-01
   7.4521062e+03   1.7223842e-01
   7.4821514e+03   1.7280134e-01
   7.5106470e+03   1.7341419e-01
   7.5406650e+03   1.7402269e-01
   7.5707346e+03   1.7459605e-01
   7.6007402e+03   1.7523718e-01
   7.6306685e+03   1.7577106e-01
   7.6606035e+03   1.7636138e-01
   7.6906228e+03   1.7696547e-01
   7.7206619e+03   1.7753248e-01
   7.7506138e+03   1.7813787e-01
   7.7805730e+03   1.7876739e-01
   7.8121189e+03   1.7928874e-01
   7.8436406e+03   1.7986432e-01
   7.8721172e+03   1.8047142e-01
   7.9005835e+03   1.8110769e-01
   7.9306177e+03   1.8166617e-01
   7.9605339e+03   1.8222422e-01
   7.9904431e+03   1.8285627e-01
   8.0093828e+03   1.8331344e-01
   8.0395391e+03   1.8421940e-01
   8.0809468e+03   1.8451878e-01
   8.1110803e+03   1.8518732e-01
   8.1409658e+03   1.8570328e-01
   8.1707649e+03   1.8632028e-01
   8.2006250e+03   1.8689759e-01
   8.2305942e+03   1.8746507e-01
   8.2605781e+03   1.8800983e-01
   8.2905220e+03   1.8860954e-01
   8.3204390e+03   1.8916523e-01
   8.3503950e+03   1.8976985e-01
   8.3804165e+03   1.9031247e-01
   8.4104238e+03   1.9089519e-01
   8.4404580e+03   1.9148254e-01
   8.4704551e+03   1.9203358e-01
   8.5004038e+03   1.9263959e-01
   8.5303970e+03   1.9324239e-01
   8.5604297e+03   1.9380145e-01
   8.5904272e+03   1.9432100e-01
   8.6203774e+03   1.9490634e-01
   8.6503594e+03   1.9551884e-01
   8.6803550e+03   1.9611342e-01
   8.7088804e+03   1.9663944e-01
   8.7388491e+03   1.9724911e-01
   8.7702734e+03   1.9781974e-01
   8.8003081e+03   1.9840878e-01
   8.8301846e+03   1.9900261e-01
   8.8600288e+03   1.9949472e-01
   8.8885225e+03   2.0005536e-01
   8.9184814e+03   2.0063170e-01
   8.9499399e+03   2.0119112e-01
   8.9799795e+03   2.0174740e-01
   9.0099854e+03   2.0237414e-01
   9.0399614e+03   2.0288813e-01
   9.0699253e+03   2.0343228e-01
   9.0999023e+03   2.0407374e-01
   9.1299165e+03   2.0456876e-01
   9.1598721e+03   2.0517666e-01
   9.1898735e+03   2.0578538e-01
   9.2198315e+03   2.0631789e-01
   9.2497754e+03   2.0684332e-01
   9.2798599e+03   2.0746544e-01
   9.3099434e+03   2.0802216e-01
   9.3399600e+03   2.0855956e-01
   9.3684692e+03   2.0915211e-01
   9.3983965e+03   2.0965817e-01
   9.4298760e+03   2.1021739e-01
   9.4599360e+03   2.1084943e-01
   9.4898423e+03   2.1136268e-01
   9.5197637e+03   2.1190779e-01
   9.5482603e+03   2.1249838e-01
   9.5782856e+03   2.1304877e-01
   9.6098315e+03   2.1364394e-01
   9.6398110e+03   2.1419501e-01
   9.6698271e+03   2.1468370e-01
   9.6983667e+03   2.1523390e-01
   9.7267334e+03   2.1584522e-01
   9.7566406e+03   2.1639045e-01
   9.7866816e+03   2.1694286e-01
   9.8166562e+03   2.1751206e-01
   9.8481177e+03   2.1805570e-01
   9.8780898e+03   2.1856006e-01
   9.9080723e+03   2.1911095e-01
   9.9380776e+03   2.1964607e-01
   9.9665747e+03   2.2030079e-01
   9.9965503e+03   2.2076179e-01
   1.0026594e+04   2.2135656e-01
   1.0056619e+04   2.2187411e-01
   1.0086618e+04   2.2244069e-01
   1.0116577e+04   2.2301588e-01
   1.0148038e+04   2.2350265e-01
   1.0179554e+04   2.2406580e-01
   1.0209549e+04   2.2458907e-01
   1.0239562e+04   2.2518858e-01
   1.0269562e+04   2.2574011e-01
   1.0298024e+04   2.2624070e-01
   1.0326545e+04   2.2681188e-01
   1.0356611e+04   2.2739119e-01
   1.0386574e+04   2.2789305e-01
   1.0416518e+04   2.2843970e-01
   1.0447995e+04   2.2898509e-01
   1.0477993e+04   2.2955196e-01
   1.0506472e+04   2.3012330e-01
   1.0536485e+04   2.3059079e-01
   1.0566530e+04   2.3116452e-01
   1.0596470e+04   2.3171862e-01
   1.0626457e+04   2.3231381e-01
   1.0656478e+04   2.3280035e-01
   1.0686492e+04   2.3338351e-01
   1.0716506e+04   2.3390625e-01
   1.0746470e+04   2.3441881e-01
   1.0776479e+04   2.3490241e-01
   1.0806475e+04   2.3551185e-01
   1.0836405e+04   2.3602842e-01
   1.0866390e+04   2.3650036e-01
   1.0896423e+04   2.3704677e-01
   1.0926435e+04   2.3759754e-01
   1.0956391e+04   2.3815006e-01
   1.0986371e+04   2.3870711e-01
   1.1016448e+04   2.3917471e-01
   1.1046495e+04   2.3980767e-01
   1.1076459e+04   2.4030598e-01
   1.1106440e+04   2.4081813e-01
   1.1136438e+04   2.4135721e-01
   1.1166404e+04   2.4187952e-01
   1.1196364e+04   2.4234518e-01
   1.1226375e+04   2.4293047e-01
   1.1256390e+04   2.4349305e-01
   1.1286327e+04   2.4397967e-01
   1.1316284e+04   2.4455999e-01
   1.1346285e+04   2.4503705e-01
   1.1377772e+04   2.4558939e-01
   1.1407796e+04   2.4608889e-01
   1.1436375e+04   2.4664012e-01
   1.1467920e+04   2.4710336e-01
   1.1497751e+04   2.4765354e-01
   1.1527640e+04   2.4820890e-01
   1.1557656e+04   2.4873536e-01
   1.1586129e+04   2.4921904e-01
   1.1616036e+04   2.4976044e-01
   1.1646007e+04   2.5031204e-01
   1.1676116e+04   2.5083234e-01
   1.1706127e+04   2.5129654e-01
   1.1737565e+04   2.5183683e-01
   1.1767572e+04   2.5239903e-01
   1.1796107e+04   2.5290277e-01
   1.1826094e+04   2.5342369e-01
   1.1856035e+04   2.5397094e-01
   1.1886021e+04   2.5455798e-01
   1.1916082e+04   2.5497840e-01
   1.1946144e+04   2.5547385e-01
   1.1976114e+04   2.5602642e-01
   1.2006097e+04   2.5652057e-01
   1.2036083e+04   2.5703911e-01
   1.2066019e+04   2.5755966e-01
   1.2096020e+04   2.5805342e-01
   1.2126037e+04   2.5860908e-01
   1.2156000e+04   2.5912120e-01
   1.2185999e+04   2.5964049e-01
   1.2216046e+04   2.6017359e-01
   1.2246053e+04   2.6067678e-01
   1.2276014e+04   2.6116368e-01
   1.2306019e+04   2.6168402e-01
   1.2336019e+04   2.6218957e-01
   1.2365903e+04   2.6267445e-01
   1.2395715e+04   2.6325265e-01
   1.2425675e+04   2.6371814e-01
   1.2455717e+04   2.6417561e-01
   1.2485692e+04   2.6470684e-01
   1.2515716e+04   2.6522501e-01
   1.2545698e+04   2.6573089e-01
   1.2575688e+04   2.6622578e-01
   1.2605642e+04   2.6681760e-01
   1.2634081e+04   2.6726234e-01
   1.2664101e+04   2.6776803e-01
   1.2695651e+04   2.6829603e-01
   1.2724163e+04   2.6878489e-01
   1.2754070e+04   2.6934094e-01
   1.2785555e+04   2.6979256e-01
   1.2814059e+04   2.7028202e-01
   1.2842524e+04   2.7079935e-01
   1.2874101e+04   2.7129860e-01
   1.2905619e+04   2.7179952e-01
   1.2935570e+04   2.7229478e-01
   1.2964079e+04   2.7285091e-01
   1.2994049e+04   2.7328911e-01
   1.3025546e+04   2.7383359e-01
   1.3055552e+04   2.7430015e-01
   1.3085464e+04   2.7485097e-01
   1.3115465e+04   2.7526732e-01
   1.3144010e+04   2.7583001e-01
   1.3174001e+04   2.7626536e-01
   1.3205527e+04   2.7676626e-01
   1.3235540e+04   2.7731992e-01
   1.3263961e+04   2.7775885e-01
   1.3292374e+04   2.7825597e-01
   1.3323854e+04   2.7877587e-01
   1.3355359e+04   2.7923285e-01
   1.3385373e+04   2.7973322e-01
   1.3415360e+04   2.8025870e-01
   1.3443809e+04   2.8079886e-01
   1.3472291e+04   2.8128184e-01
   1.3503741e+04   2.8170446e-01
   1.3535222e+04   2.8222741e-01
   1.3565287e+04   2.8273168e-01
   1.3593766e+04   2.8325936e-01
   1.3623701e+04   2.8370797e-01
   1.3653736e+04   2.8417669e-01
   1.3682245e+04   2.8473914e-01
   1.3712265e+04   2.8514238e-01
   1.3743768e+04   2.8570696e-01
   1.3773742e+04   2.8611147e-01
   1.3803780e+04   2.8668183e-01
   1.3833784e+04   2.8713984e-01
   1.3862261e+04   2.8760120e-01
   1.3892266e+04   2.8808173e-01
   1.3922225e+04   2.8860489e-01
   1.3953696e+04   2.8910835e-01
   1.3985246e+04   2.8954923e-01
   1.4013711e+04   2.9002151e-01
   1.4042212e+04   2.9047701e-01
   1.4073752e+04   2.9103519e-01
   1.4103721e+04   2.9143885e-01
   1.4132195e+04   2.9195826e-01
   1.4162252e+04   2.9238705e-01
   1.4192348e+04   2.9286261e-01
   1.4222395e+04   2.9339540e-01
   1.4252313e+04   2.9380602e-01
   1.4283718e+04   2.9434502e-01
   1.4313746e+04   2.9479835e-01
   1.4342297e+04   2.9538248e-01
   1.4373765e+04   2.9578781e-01
   1.4403748e+04   2.9627365e-01
   1.4432320e+04   2.9676401e-01
   1.4462363e+04   2.9721882e-01
   1.4492289e+04   2.9763406e-01
   1.4523708e+04   2.9817905e-01
   1.4555240e+04   2.9863926e-01
   1.4583800e+04   2.9911675e-01
   1.4612316e+04   2.9953638e-01
   1.4642281e+04   3.0008779e-01
   1.4672323e+04   3.0046354e-01
   1.4702305e+04   3.0092291e-01
   1.4732233e+04   3.0144968e-01
   1.4762205e+04   3.0191593e-01
   1.4792193e+04   3.0232225e-01
   1.4822204e+04   3.0278804e-01
   1.4852182e+04   3.0337221e-01
   1.4882199e+04   3.0372133e-01
   1.4912210e+04   3.0427077e-01
   1.4942180e+04   3.0467768e-01
   1.4973683e+04   3.0512959e-01
   1.5003713e+04   3.0570940e-01
   1.5032142e+04   3.1115047e-01
   1.5062135e+04   3.0702835e-01
   1.5092267e+04   3.0694993e-01
   1.5122256e+04   3.0748295e-01
   1.5152138e+04   3.0790820e-01
   1.5182077e+04   3.0848935e-01
   1.5212080e+04   3.0880320e-01
   1.5242072e+04   3.0927888e-01
   1.5272041e+04   3.0974212e-01
   1.5302082e+04   3.1024303e-01
   1.5332076e+04   3.1065551e-01
   1.5362025e+04   3.1108618e-01
   1.5392030e+04   3.1167319e-01
   1.5422009e+04   3.1204618e-01
   1.5452015e+04   3.1250773e-01
   1.5481993e+04   3.1299124e-01
   1.5512009e+04   3.1341263e-01
   1.5542051e+04   3.1384700e-01
   1.5571993e+04   3.1441776e-01
   1.5601970e+04   3.1476526e-01
   1.5631993e+04   3.1525221e-01
   1.5662040e+04   3.1578307e-01
   1.5691984e+04   3.1619893e-01
   1.5721929e+04   3.1652637e-01
   1.5751970e+04   3.1702694e-01
   1.5781965e+04   3.1755353e-01
   1.5811916e+04   3.1801485e-01
   1.5841901e+04   3.1841362e-01
   1.5871932e+04   3.1883610e-01
   1.5901892e+04   3.1934802e-01
   1.5931704e+04   3.1974962e-01
   1.5961618e+04   3.2019791e-01
   1.5991633e+04   3.2070309e-01
   1.6021554e+04   3.2113593e-01
   1.6051498e+04   3.2150774e-01
   1.6083000e+04   3.2199424e-01
   1.6113035e+04   3.2240943e-01
   1.6141587e+04   3.2284032e-01
   1.6171635e+04   3.2331439e-01
   1.6201637e+04   3.2379601e-01
   1.6231614e+04   3.2415990e-01
   1.6261567e+04   3.2456854e-01
   1.6291565e+04   3.2508477e-01
   1.6321582e+04   3.2551460e-01
   1.6351531e+04   3.2602219e-01
   1.6381516e+04   3.2641176e-01
   1.6411548e+04   3.2688224e-01
   1.6441553e+04   3.2727715e-01
   1.6471476e+04   3.2776032e-01
   1.6501445e+04   3.2818332e-01
   1.6531488e+04   3.2862603e-01
   1.6561505e+04   3.2904000e-01
   1.6591534e+04   3.2951013e-01
   1.6621531e+04   3.2988702e-01
   1.6651502e+04   3.3041086e-01
   1.6681511e+04   3.3080206e-01
   1.6711532e+04   3.3132623e-01
   1.6740005e+04   3.3165572e-01
   1.6769997e+04   3.3213821e-01
   1.6801453e+04   3.3252024e-01
   1.6831344e+04   3.3297659e-01
   1.6861323e+04   3.3335350e-01
   1.6889884e+04   3.3381740e-01
   1.6918335e+04   3.3421675e-01
   1.6949791e+04   3.3464128e-01
   1.6981327e+04   3.3506969e-01
   1.7009858e+04   3.3546062e-01
   1.7039843e+04   3.3586075e-01
   1.7071283e+04   3.3639863e-01
   1.7099787e+04   3.3681624e-01
   1.7128244e+04   3.3721538e-01
   1.7159745e+04   3.3769224e-01
   1.7191271e+04   3.3809538e-01
   1.7219768e+04   3.3846832e-01
   1.7248283e+04   3.3892584e-01
   1.7278236e+04   3.3936136e-01
   1.7308224e+04   3.3985616e-01
   1.7339751e+04   3.4015725e-01
   1.7371229e+04   3.4070352e-01
   1.7399754e+04   3.4104137e-01
   1.7788351e+04   3.5110722e-01
   1.8163398e+04   3.5153030e-01
   1.8179904e+04   3.5192561e-01
   1.8211426e+04   3.5235794e-01
   1.8239912e+04   3.5274711e-01
   1.8268323e+04   3.5308145e-01
   1.8298323e+04   3.5353009e-01
   1.8328351e+04   3.5398551e-01
   1.8359838e+04   3.5432338e-01
   1.8389863e+04   3.5476989e-01
   1.8418383e+04   3.5514685e-01
   1.8448338e+04   3.5552409e-01
   1.8478300e+04   3.5593708e-01
   1.8508342e+04   3.5635314e-01
   1.8538370e+04   3.5678107e-01
   1.8568293e+04   3.5715320e-01
   1.8598229e+04   3.5759373e-01
   1.8628277e+04   3.5792268e-01
   1.8658303e+04   3.5831232e-01
   1.8688213e+04   3.5868399e-01
   1.8718136e+04   3.5908878e-01
   1.8748124e+04   3.5956071e-01
   1.8778180e+04   3.5993847e-01
   1.8808160e+04   3.6027646e-01
   1.8838133e+04   3.6076601e-01
   1.8868194e+04   3.6103454e-01
   1.8898147e+04   3.6157483e-01
   1.8928115e+04   3.6189393e-01
   1.8958151e+04   3.6226802e-01
   1.8988168e+04   3.6267866e-01
   1.9018191e+04   3.6305274e-01
   1.9048196e+04   3.6354660e-01
   1.9078124e+04   3.6384875e-01
   1.9109634e+04   3.6424028e-01
   1.9139672e+04   3.6467218e-01
   1.9168101e+04   3.6500255e-01
   1.9198092e+04   3.6541100e-01
   1.9228120e+04   3.6583343e-01
   1.9258055e+04   3.6622298e-01
   1.9288122e+04   3.6649677e-01
   1.9318184e+04   3.6697634e-01
   1.9348088e+04   3.6732924e-01
   1.9378069e+04   3.6776983e-01
   1.9408096e+04   3.6813639e-01
   1.9438141e+04   3.6854608e-01
   1.9468046e+04   3.6892882e-01
   1.9497872e+04   3.6930001e-01
   1.9527790e+04   3.6969771e-01
   1.9557790e+04   3.7013730e-01
   1.9587793e+04   3.7051002e-01
   1.9617744e+04   3.7085138e-01
   1.9647764e+04   3.7120867e-01
   1.9677788e+04   3.7166281e-01
   1.9707750e+04   3.7199917e-01
   1.9737781e+04   3.7233269e-01
   1.9767849e+04   3.7270384e-01
   1.9797759e+04   3.7307920e-01
   1.9827668e+04   3.7347704e-01
   1.9857695e+04   3.7380678e-01
   1.9887678e+04   3.7428240e-01
   1.9917654e+04   3.7472202e-01
   1.9947697e+04   3.7502913e-01
   1.9977777e+04   3.7538155e-01
   2.0007782e+04   3.7582009e-01
   2.0037693e+04   3.7612839e-01
   2.0067719e+04   3.7651417e-01
   2.0096248e+04   3.7688853e-01
   2.0126178e+04   3.7732033e-01
   2.0157629e+04   3.7762316e-01
   2.0187606e+04   3.7802039e-01
   2.0217658e+04   3.7842234e-01
   2.0247675e+04   3.7884926e-01
   2.0276127e+04   3.7913781e-01
   2.0306149e+04   3.7962438e-01
   2.0337636e+04   3.7995083e-01
   2.0367562e+04   3.8030668e-01
   2.0396030e+04   3.8054525e-01
   2.0424496e+04   3.8097933e-01
   2.0455945e+04   3.8135389e-01
   2.0486000e+04   3.8170996e-01
   2.0516033e+04   3.8215935e-01
   2.0545976e+04   3.8249387e-01
   2.0574466e+04   3.8292089e-01
   2.0604487e+04   3.8320932e-01
   2.0636015e+04   3.8358852e-01
   2.0667512e+04   3.8399456e-01
   2.0695950e+04   3.8429777e-01
   2.0725939e+04   3.8468613e-01
   2.0755976e+04   3.8504014e-01
   2.0786005e+04   3.8536186e-01
   2.0815996e+04   3.8571011e-01
   2.0845946e+04   3.8610906e-01
   2.0876015e+04   3.8648631e-01
   2.0906059e+04   3.8683628e-01
   2.0937504e+04   3.8718694e-01
   2.0967486e+04   3.8763499e-01
   2.0997501e+04   3.8794600e-01
   2.1027501e+04   3.8843422e-01
   2.1055967e+04   3.8856112e-01
   2.1084470e+04   3.8903976e-01
   2.1114447e+04   3.8942265e-01
   2.1145869e+04   3.8964281e-01
   2.1175857e+04   3.9016251e-01
   2.1205892e+04   3.9046119e-01
   2.1236018e+04   3.9083934e-01
   2.1266125e+04   3.9112539e-01
   2.1297643e+04   3.9159047e-01
   2.1326195e+04   3.9179033e-01
   2.1354706e+04   3.9219803e-01
   2.1386165e+04   3.9270440e-01
   2.1416216e+04   3.9295532e-01
   2.1444692e+04   3.9334965e-01
   2.1474626e+04   3.9360448e-01
   2.1504618e+04   3.9401724e-01
   2.1534553e+04   3.9437998e-01
   2.1564579e+04   3.9461775e-01
   2.1594626e+04   3.9504310e-01
   2.1624627e+04   3.9542994e-01
   2.1656129e+04   3.9573869e-01
   2.1686118e+04   3.9602395e-01
   2.1716096e+04   3.9653826e-01
   2.1747619e+04   3.9680873e-01
   2.1776115e+04   3.9717007e-01
   2.1804568e+04   3.9747412e-01
   2.1834579e+04   3.9788885e-01
   2.1864607e+04   3.9810209e-01
   2.1894575e+04   3.9854399e-01
   2.1924554e+04   3.9883665e-01
   2.1954601e+04   3.9928017e-01
   2.1984604e+04   3.9951685e-01
   2.2014548e+04   3.9994662e-01
   2.2044531e+04   4.0027244e-01
   2.2074560e+04   4.0061319e-01
   2.2105981e+04   4.0102487e-01
   2.2135908e+04   4.0126772e-01
   2.2164420e+04   4.0167688e-01
   2.2194428e+04   4.0194901e-01
   2.2224404e+04   4.0241424e-01
   2.2254375e+04   4.0276432e-01
   2.2284398e+04   4.0304129e-01
   2.2314410e+04   4.0337803e-01
   2.2342881e+04   4.0376648e-01
   2.2374353e+04   4.0399569e-01
   2.2405896e+04   4.0440335e-01
   2.2434445e+04   4.0463551e-01
   2.2464433e+04   4.0500648e-01
   2.2494343e+04   4.0543021e-01
   2.2524317e+04   4.0571690e-01
   2.2554360e+04   4.0608656e-01
   2.2584336e+04   4.0634453e-01
   2.2614334e+04   4.0671123e-01
   2.2644416e+04   4.0704385e-01
   2.2674368e+04   4.0737317e-01
   2.2704297e+04   4.0771237e-01
   2.2734317e+04   4.0803373e-01
   2.2764345e+04   4.0840072e-01
   2.2794350e+04   4.0865651e-01
   2.2824308e+04   4.0906697e-01
   2.2854310e+04   4.0935519e-01
   2.2884297e+04   4.0970985e-01
   2.2914298e+04   4.1008796e-01
   2.2944304e+04   4.1034672e-01
   2.2974322e+04   4.1067254e-01
   2.3004189e+04   4.1104301e-01
   2.3033977e+04   4.1133190e-01
   2.3063982e+04   4.1169823e-01
   2.3094003e+04   4.1197436e-01
   2.3123940e+04   4.1231552e-01
   2.3153952e+04   4.1271234e-01
   2.3183969e+04   4.1311815e-01
   2.3213907e+04   4.1329389e-01
   2.3243877e+04   4.1362893e-01
   2.3273868e+04   4.1396616e-01
   2.3303911e+04   4.1423371e-01
   2.3333853e+04   4.1458741e-01
   2.3363798e+04   4.1488635e-01
   2.3393753e+04   4.1522003e-01
   2.3423774e+04   4.1555327e-01
   2.3453902e+04   4.1583529e-01
   2.3483911e+04   4.1618323e-01
   2.3513894e+04   4.1649142e-01
   2.3543954e+04   4.1683998e-01
   2.3573950e+04   4.1723385e-01
   2.3603879e+04   4.1745009e-01
   2.3633902e+04   4.1778987e-01
   2.3663873e+04   4.1810626e-01
   2.3693854e+04   4.1836797e-01
   2.3723888e+04   4.1887914e-01
   2.3753890e+04   4.1918443e-01
   2.3783852e+04   4.1941617e-01
   2.3813824e+04   4.1983292e-01
   2.3842373e+04   4.2006461e-01
   2.3872307e+04   4.2038390e-01
   2.3903685e+04   4.2067568e-01
   2.3933660e+04   4.2094278e-01
   2.3963716e+04   4.2126560e-01
   2.3993738e+04   4.2157266e-01
   2.4023684e+04   4.2191474e-01
   2.4053630e+04   4.2224626e-01
   2.4083622e+04   4.2252752e-01
   2.4113622e+04   4.2293814e-01
   2.4143602e+04   4.2326350e-01
   2.4172103e+04   4.2351195e-01
   2.4202108e+04   4.2374147e-01
   2.4232087e+04   4.2422531e-01
   2.4260575e+04   4.2436177e-01
   2.4292102e+04   4.2469064e-01
   2.4323619e+04   4.2504543e-01
   2.4353626e+04   4.2536955e-01
   2.4383647e+04   4.2566363e-01
   2.4413701e+04   4.2594280e-01
   2.4442126e+04   4.2630832e-01
   2.4472078e+04   4.2660707e-01
   2.4503610e+04   4.2701242e-01
   2.4533646e+04   4.2713606e-01
   2.4563608e+04   4.2754194e-01
   2.4593522e+04   4.2774748e-01
   2.4623520e+04   4.2818514e-01
   2.4652032e+04   4.2836455e-01
   2.4682038e+04   4.2866213e-01
   2.4713523e+04   4.2890623e-01
   2.4742042e+04   4.2934886e-01
   2.4772029e+04   4.2957246e-01
   2.4802006e+04   4.2986865e-01
   2.4832055e+04   4.3021231e-01
   2.4863606e+04   4.3057602e-01
   2.4892104e+04   4.3088328e-01
   2.4922062e+04   4.3117202e-01
   2.4952035e+04   4.3147408e-01
   2.4980525e+04   4.3175147e-01
   2.5010530e+04   4.3203669e-01
   2.5040512e+04   4.3233458e-01
   2.5070567e+04   4.3260165e-01
   2.5102076e+04   4.3291143e-01
   2.5131990e+04   4.3321730e-01
   2.5160501e+04   4.3357816e-01
   2.5191994e+04   4.3386139e-01
   2.5221954e+04   4.3414897e-01
   2.5250476e+04   4.3437266e-01
   2.5280513e+04   4.3472657e-01
   2.5310563e+04   4.3493233e-01
   2.5340562e+04   4.3535234e-01
   2.5371997e+04   4.3563077e-01
   2.5402048e+04   4.3593929e-01
   2.5430554e+04   4.3612305e-01
   2.5461975e+04   4.3652956e-01
   2.5493476e+04   4.3679945e-01
   2.5522000e+04   4.3717747e-01
   2.5550491e+04   4.3734072e-01
   2.5580489e+04   4.3774870e-01
   2.5610573e+04   4.3797942e-01
   2.5640591e+04   4.3818447e-01
   2.5670450e+04   4.3852869e-01
   2.5700300e+04   4.3890933e-01
   2.5730286e+04   4.3919193e-01
   2.5760323e+04   4.3948686e-01
   2.5790301e+04   4.3965809e-01
   2.5820293e+04   4.4008320e-01
   2.5850309e+04   4.4018092e-01
   2.5880295e+04   4.4060009e-01
   2.5910273e+04   4.4091755e-01
   2.5940246e+04   4.4104214e-01
   2.5970288e+04   4.4135876e-01
   2.6001787e+04   4.4189548e-01
   2.6031749e+04   4.4195226e-01
   2.6060247e+04   4.4231535e-01
   2.6090214e+04   4.4255643e-01
   2.6120197e+04   4.4300002e-01
   2.6150183e+04   4.4311629e-01
   2.6180202e+04   4.4341419e-01
   2.6210257e+04   4.4367205e-01
   2.6240324e+04   4.4394562e-01
   2.6270352e+04   4.4423343e-01
   2.6300341e+04   4.4455831e-01
   2.6330251e+04   4.4481452e-01
   2.6360208e+04   4.4507577e-01
   2.6390277e+04   4.4549426e-01
   2.6420303e+04   4.4563805e-01
   2.6450275e+04   4.4597593e-01
   2.6480225e+04   4.4630519e-01
   2.6510205e+04   4.4650729e-01
   2.6540073e+04   4.4684599e-01
   2.6569975e+04   4.4703676e-01
   2.6599972e+04   4.4740595e-01
   2.6629914e+04   4.4762074e-01
   2.6659937e+04   4.4789451e-01
   2.6689975e+04   4.4823171e-01
   2.6719989e+04   4.4837170e-01
   2.6749985e+04   4.4873257e-01
   2.6779956e+04   4.4912400e-01
   2.6809914e+04   4.4917184e-01
   2.6839936e+04   4.4957814e-01
   2.6869961e+04   4.4981970e-01
   2.6899907e+04   4.5009767e-01
   2.6929900e+04   4.5032120e-01
   2.6959961e+04   4.5058336e-01
   2.6989953e+04   4.5095557e-01
   2.7019932e+04   4.5127292e-01
   2.7049935e+04   4.5150692e-01
   2.7079902e+04   4.5171140e-01
   2.7109899e+04   4.5211875e-01
   2.7138422e+04   4.5229766e-01
   2.7168445e+04   4.5250646e-01
   2.7199888e+04   4.5276034e-01
   2.7231354e+04   4.5313382e-01
   2.7259878e+04   4.5331685e-01
   2.7288394e+04   4.5354960e-01
   2.7319866e+04   4.5388132e-01
   2.7349854e+04   4.5408513e-01
   2.7379893e+04   4.5437002e-01
   2.7409919e+04   4.5470571e-01
   2.7439770e+04   4.5498511e-01
   2.7469628e+04   4.5518309e-01
   2.7499663e+04   4.5545379e-01
   2.7529664e+04   4.5575164e-01
   2.7559667e+04   4.5598678e-01
   2.7588143e+04   4.5628751e-01
   2.7618167e+04   4.5648132e-01
   2.7649664e+04   4.5679414e-01
   2.7679632e+04   4.5699700e-01
   2.7708151e+04   4.5735672e-01
   2.7738129e+04   4.5765962e-01
   2.7769589e+04   4.5787938e-01
   2.7799612e+04   4.5823019e-01
   2.7828114e+04   4.5834006e-01
   2.7858068e+04   4.5871878e-01
   2.7889619e+04   4.5888892e-01
   2.7919670e+04   4.5917606e-01
   2.7948183e+04   4.5942264e-01
   2.7978116e+04   4.5974647e-01
   2.8009547e+04   4.5991561e-01
   2.8038094e+04   4.6020655e-01
   2.8068108e+04   4.6045312e-01
   2.8099539e+04   4.6066410e-01
   2.8129476e+04   4.6103049e-01
   2.8159500e+04   4.6120968e-01
   2.8189480e+04   4.6150550e-01
   2.8219458e+04   4.6180354e-01
   2.8249456e+04   4.6195994e-01
   2.8279468e+04   4.6229158e-01
   2.8309558e+04   4.6250801e-01
   2.8339614e+04   4.6274118e-01
   2.8368115e+04   4.6303331e-01
   2.8398088e+04   4.6336792e-01
   2.8428040e+04   4.6358720e-01
   2.8458007e+04   4.6381082e-01
   2.8487982e+04   4.6405230e-01
   2.8517988e+04   4.6431593e-01
   2.8548015e+04   4.6447465e-01
   2.8578049e+04   4.6481787e-01
   2.8608062e+04   4.6508311e-01
   2.8638005e+04   4.6531864e-01
   2.8668000e+04   4.6560391e-01
   2.8696524e+04   4.6582430e-01
   2.8726458e+04   4.6599323e-01
   2.8756423e+04   4.6649497e-01
   2.8786458e+04   4.6672480e-01
   2.8816478e+04   4.6683464e-01
   2.8846508e+04   4.6704449e-01
   2.8876457e+04   4.6738578e-01
   2.8906421e+04   4.6765324e-01
   2.8937993e+04   4.6779626e-01
   2.8967952e+04   4.6810377e-01
   2.8996425e+04   4.6840132e-01
   2.9026474e+04   4.6867831e-01
   2.9056485e+04   4.6882581e-01
   2.9086446e+04   4.6900400e-01
   2.9117885e+04   4.6934432e-01
   2.9147839e+04   4.6969019e-01
   2.9177868e+04   4.6982669e-01
   2.9207873e+04   4.7013072e-01
   2.9236282e+04   4.7038182e-01
   2.9266295e+04   4.7054927e-01
   2.9296337e+04   4.7084151e-01
   2.9327772e+04   4.7108038e-01
   2.9357734e+04   4.7123700e-01
   2.9386197e+04   4.7145816e-01
   2.9417647e+04   4.7173930e-01
   2.9447675e+04   4.7204771e-01
   2.9476206e+04   4.7228069e-01
   2.9506189e+04   4.7255634e-01
   2.9536145e+04   4.7266676e-01
   2.9567627e+04   4.7301237e-01
   2.9597631e+04   4.7316591e-01
   2.9626137e+04   4.7348686e-01
   2.9656123e+04   4.7363263e-01
   2.9686112e+04   4.7399954e-01
   2.9716133e+04   4.7416483e-01
   2.9746134e+04   4.7437828e-01
   2.9777642e+04   4.7468495e-01
   2.9807614e+04   4.7488681e-01
   2.9836093e+04   4.7512688e-01
   2.9867617e+04   4.7543057e-01
   2.9897607e+04   4.7557038e-01
   2.9926152e+04   4.7591360e-01
   2.9956166e+04   4.7608491e-01
   2.9986060e+04   4.7624332e-01
   3.0016063e+04   4.7657216e-01
   3.0046103e+04   4.7666517e-01
   3.0075934e+04   4.7684763e-01
   3.0105797e+04   4.7735073e-01
   3.0135786e+04   4.7756463e-01
   3.0165907e+04   4.7754146e-01
   3.0195860e+04   4.7782739e-01
   3.0225688e+04   4.7816245e-01
   3.0255690e+04   4.7846656e-01
   3.0285694e+04   4.7863260e-01
   3.0315658e+04   4.7887857e-01
   3.0345672e+04   4.7914857e-01
   3.0375698e+04   4.7934927e-01
   3.0405674e+04   4.7953961e-01
   3.0435606e+04   4.7979372e-01
   3.0465551e+04   4.8007678e-01
   3.0495607e+04   4.8036083e-01
   3.0525637e+04   4.8064123e-01
   3.0555615e+04   4.8071603e-01
   3.0585588e+04   4.8107687e-01
   3.0615588e+04   4.8124234e-01
   3.0645589e+04   4.8126283e-01
   3.0675594e+04   4.8179819e-01
   3.0705588e+04   4.8180724e-01
   3.0735588e+04   4.8216951e-01
   3.0765655e+04   4.8238820e-01
   3.0795613e+04   4.8257952e-01
   3.0825536e+04   4.8282263e-01
   3.0855512e+04   4.8286974e-01
   3.0885551e+04   4.8318112e-01
   3.0915574e+04   4.8345857e-01
   3.0945527e+04   4.8364797e-01
   3.0975434e+04   4.8385216e-01
   3.1005352e+04   4.8412516e-01
   3.1035362e+04   4.8442988e-01
   3.1065307e+04   4.8464442e-01
   3.1095250e+04   4.8474927e-01
   3.1125253e+04   4.8510816e-01
   3.1155304e+04   4.8517721e-01
   3.1185348e+04   4.8531478e-01
   3.1215364e+04   4.8575146e-01
   3.1243850e+04   4.8592262e-01
   3.1273836e+04   4.8618534e-01
   3.1305280e+04   4.8639780e-01
   3.1335205e+04   4.8660489e-01
   3.1363727e+04   4.8685484e-01
   3.1392248e+04   4.8708829e-01
   3.1423756e+04   4.8728936e-01
   3.1453780e+04   4.8744732e-01
   3.1483798e+04   4.8774303e-01
   3.1516740e+04   4.8794935e-01
   3.1546716e+04   4.8805513e-01
   3.1575272e+04   4.8825235e-01
   3.1605312e+04   4.8848561e-01
   3.1633789e+04   4.8880957e-01
   3.1662285e+04   4.8911391e-01
   3.1693811e+04   4.8930818e-01
   3.1725274e+04   4.8936432e-01
   3.1755233e+04   4.8966309e-01
   3.1783739e+04   4.8985504e-01
   3.1813718e+04   4.9006924e-01
   3.1843755e+04   4.9019710e-01
   3.1873889e+04   4.9052906e-01
   3.1905422e+04   4.9067657e-01
   3.1935385e+04   4.9089410e-01
   3.1965378e+04   4.9113336e-01
   3.1993889e+04   4.9146142e-01
   3.2023917e+04   4.9158719e-01
   3.2055448e+04   4.9177214e-01
   3.2085390e+04   4.9216658e-01
   3.2115346e+04   4.9220361e-01
   3.2145390e+04   4.9256516e-01
   3.2173896e+04   4.9269952e-01
   3.2203888e+04   4.9290379e-01
   3.2233844e+04   4.9309427e-01
   3.2263814e+04   4.9326979e-01
   3.2295332e+04   4.9352376e-01
   3.2325335e+04   4.9374199e-01
   3.2353832e+04   4.9398222e-01
   3.2382352e+04   4.9414917e-01
   3.2413860e+04   4.9429975e-01
   3.2445316e+04   4.9460873e-01
   3.2475307e+04   4.9478868e-01
   3.2505363e+04   4.9509949e-01
   3.2535344e+04   4.9523444e-01
   3.2563813e+04   4.9549575e-01
   3.2592384e+04   4.9556321e-01
   3.2623861e+04   4.9582039e-01
   3.2653786e+04   4.9604983e-01
   3.2682302e+04   4.9629434e-01
   3.2712297e+04   4.9647756e-01
   3.2742191e+04   4.9670776e-01
   3.2772120e+04   4.9679584e-01
   3.2802166e+04   4.9703941e-01
   3.2832182e+04   4.9718153e-01
   3.2863549e+04   4.9744913e-01
   3.2893555e+04   4.9766802e-01
   3.2922152e+04   4.9784321e-01
   3.2952100e+04   4.9813663e-01
   3.2982082e+04   4.9827683e-01
   3.3012068e+04   4.9857336e-01
   3.3042055e+04   4.9869680e-01
   3.3072021e+04   4.9887559e-01
   3.3101957e+04   4.9905292e-01
   3.3131973e+04   4.9927196e-01
   3.3162062e+04   4.9949160e-01
   3.3192080e+04   4.9974962e-01
   3.3222053e+04   5.0005600e-01
   3.3252053e+04   5.0009093e-01
   3.3282074e+04   5.0045417e-01
   3.3312059e+04   5.0049077e-01
   3.3341951e+04   5.0087165e-01
   3.3371904e+04   5.0087910e-01
   3.3401947e+04   5.0116213e-01
   3.3431984e+04   5.0134450e-01
   3.3462002e+04   5.0168854e-01
   3.3492008e+04   5.0175285e-01
   3.3521955e+04   5.0200080e-01
   3.3551941e+04   5.0217279e-01
   3.3581953e+04   5.0237355e-01
   3.3611893e+04   5.0253386e-01
   3.3641723e+04   5.0271673e-01
   3.3671598e+04   5.0298745e-01
   3.3701633e+04   5.0308622e-01
   3.3731711e+04   5.0339788e-01
   3.3761684e+04   5.0350157e-01
   3.3791652e+04   5.0370086e-01
   3.3821660e+04   5.0401088e-01
   3.3851604e+04   5.0416972e-01
   3.3881580e+04   5.0430471e-01
   3.3911525e+04   5.0454619e-01
   3.3941504e+04   5.0477264e-01
   3.3971535e+04   5.0488447e-01
   3.4001523e+04   5.0512299e-01
   3.4031533e+04   5.0517520e-01
   3.4061549e+04   5.0555689e-01
   3.4091557e+04   5.0581223e-01
   3.4121592e+04   5.0585453e-01
   3.4151623e+04   5.0609738e-01
   3.4181582e+04   5.0624740e-01
   3.4211531e+04   5.0654378e-01
   3.4241562e+04   5.0661902e-01
   3.4271598e+04   5.0680731e-01
   3.4301520e+04   5.0707812e-01
   3.4331428e+04   5.0731442e-01
   3.4361447e+04   5.0743496e-01
   3.4391508e+04   5.0764275e-01
   3.4421490e+04   5.0783459e-01
   3.4451455e+04   5.0799454e-01
   3.4481484e+04   5.0817439e-01
   3.4511389e+04   5.0849372e-01
   3.4541271e+04   5.0856068e-01
   3.4571318e+04   5.0883353e-01
   3.4599826e+04   5.0889298e-01
   3.4629779e+04   5.0918911e-01
   3.4661295e+04   5.0927716e-01
   3.4691326e+04   5.0963232e-01
   3.4721312e+04   5.0964357e-01
   3.4751266e+04   5.0983385e-01
   3.4781264e+04   5.1015050e-01
   3.4811297e+04   5.1028516e-01
   3.4839758e+04   5.1056755e-01
   3.4869725e+04   5.1070988e-01
   3.4901162e+04   5.1090731e-01
   3.4931201e+04   5.1110199e-01
   3.4961305e+04   5.1131200e-01
   3.4991285e+04   5.1148925e-01
   3.5021270e+04   5.1163647e-01
   3.5051266e+04   5.1181154e-01
   3.5079723e+04   5.1206021e-01
   3.5109693e+04   5.1223555e-01
   3.5141242e+04   5.1239713e-01
   3.5171246e+04   5.1256847e-01
   3.5201250e+04   5.1281235e-01
   3.5229756e+04   5.1285834e-01
   3.5259758e+04   5.1298529e-01
   3.5291213e+04   5.1335676e-01
   3.5321125e+04   5.1336314e-01
   3.5351152e+04   5.1359840e-01
   3.5381203e+04   5.1367028e-01
   3.5411320e+04   5.1402304e-01
   3.5439922e+04   5.1418787e-01
   3.5469891e+04   5.1440573e-01
   3.5501383e+04   5.1469035e-01
   3.5531371e+04   5.1473192e-01
   3.5559766e+04   5.1494816e-01
   3.5589789e+04   5.1515276e-01
   3.5619867e+04   5.1538405e-01
   3.5648336e+04   5.1538833e-01
   3.5679852e+04   5.1567328e-01
   3.5711355e+04   5.1573581e-01
   3.5739836e+04   5.1583148e-01
   3.5769814e+04   5.1611681e-01
   3.5799801e+04   5.1637792e-01
   3.5828281e+04   5.1660382e-01
   3.6218168e+04   5.2080075e-01
   3.6593074e+04   5.2098208e-01
   3.6609506e+04   5.2114738e-01
   3.6639488e+04   5.2138500e-01
   3.6667982e+04   5.2149216e-01
   3.6697951e+04   5.2158742e-01
   3.6727967e+04   5.2179489e-01
   3.6758035e+04   5.2207612e-01
   3.6788074e+04   5.2221939e-01
   3.6818027e+04   5.2245024e-01
   3.6847957e+04   5.2249300e-01
   3.6879453e+04   5.2286222e-01
   3.6909533e+04   5.2291535e-01
   3.6937980e+04   5.2316603e-01
   3.6967957e+04   5.2323931e-01
   3.6997982e+04   5.2345452e-01
   3.7027926e+04   5.2357535e-01
   3.7057867e+04   5.2371594e-01
   3.7087836e+04   5.2402488e-01
   3.7117939e+04   5.2414729e-01
   3.7147965e+04   5.2436652e-01
   3.7177730e+04   5.2435097e-01
   3.7209041e+04   5.2460826e-01
   3.7239018e+04   5.2487141e-01
   3.7269049e+04   5.2500034e-01
   3.7299066e+04   5.2504350e-01
   3.7327594e+04   5.2536034e-01
   3.7357609e+04   5.2559176e-01
   3.7387539e+04   5.2563901e-01
   3.7417486e+04   5.2570166e-01
   3.7447506e+04   5.2586445e-01
   3.7477486e+04   5.2604189e-01
   3.7507449e+04   5.2639102e-01
   3.7537457e+04   5.2643387e-01
   3.7567482e+04   5.2672181e-01
   3.7597492e+04   5.2677784e-01
   3.7627518e+04   5.2696536e-01
   3.7657557e+04   5.2729153e-01
   3.7687570e+04   5.2741335e-01
   3.7717533e+04   5.2747621e-01
   3.7747473e+04   5.2764156e-01
   3.7777496e+04   5.2783709e-01
   3.7807525e+04   5.2798973e-01
   3.7837480e+04   5.2825864e-01
   3.7867459e+04   5.2822742e-01
   3.7897430e+04   5.2862369e-01
   3.7927367e+04   5.2868189e-01
   3.7957408e+04   5.2874183e-01
   3.7987426e+04   5.2905230e-01
   3.8017393e+04   5.2909329e-01
   3.8047328e+04   5.2926389e-01
   3.8077281e+04   5.2950180e-01
   3.8107299e+04   5.2960364e-01
   3.8137266e+04   5.2987838e-01
   3.8167201e+04   5.2992762e-01
   3.8197225e+04   5.3018404e-01
   3.8227240e+04   5.3042244e-01
   3.8257223e+04   5.3050479e-01
   3.8287229e+04   5.3065374e-01
   3.8317188e+04   5.3071779e-01
   3.8347180e+04   5.3094563e-01
   3.8377150e+04   5.3120232e-01
   3.8407191e+04   5.3130396e-01
   3.8437256e+04   5.3134573e-01
   3.8467225e+04   5.3167464e-01
   3.8497203e+04   5.3171819e-01
   3.8527182e+04   5.3183286e-01
   3.8557186e+04   5.3199578e-01
   3.8587223e+04   5.3228636e-01
   3.8617199e+04   5.3227460e-01
   3.8647195e+04   5.3241878e-01
   3.8677189e+04   5.3272208e-01
   3.8707146e+04   5.3279983e-01
   3.8737129e+04   5.3312297e-01
   3.8767129e+04   5.3321795e-01
   3.8797174e+04   5.3338749e-01
   3.8827131e+04   5.3346047e-01
   3.8857123e+04   5.3354774e-01
   3.8887150e+04   5.3393641e-01
   3.8917113e+04   5.3394546e-01
   3.8947131e+04   5.3412681e-01
   3.8977109e+04   5.3429132e-01
   3.9007100e+04   5.3445189e-01
   3.9037100e+04   5.3459613e-01
   3.9067105e+04   5.3475222e-01
   3.9097105e+04   5.3489788e-01
   3.9125611e+04   5.3520260e-01
   3.9155648e+04   5.3509138e-01
   3.9187082e+04   5.3544018e-01
   3.9217043e+04   5.3544766e-01
   3.9247109e+04   5.3574520e-01
   3.9277098e+04   5.3587103e-01
   3.9305516e+04   5.3596394e-01
   3.9335477e+04   5.3620533e-01
   3.9365512e+04   5.3619040e-01
   3.9395609e+04   5.3640497e-01
   3.9427090e+04   5.3654568e-01
   3.9455514e+04   5.3676197e-01
   3.9485520e+04   5.3684430e-01
   3.9517035e+04   5.3703063e-01
   3.9545555e+04   5.3727044e-01
   3.9575566e+04   5.3741416e-01
   3.9607041e+04   5.3751432e-01
   3.9636994e+04   5.3763944e-01
   3.9666986e+04   5.3782900e-01
   3.9696988e+04   5.3778707e-01
   3.9726949e+04   5.3810785e-01
   3.9756918e+04   5.3826110e-01
   3.9786936e+04   5.3832986e-01
   3.9815422e+04   5.3853572e-01
   3.9845381e+04   5.3862515e-01
   3.9876896e+04   5.3893890e-01
   3.9906877e+04   5.3898835e-01
   3.9935287e+04   5.3918344e-01
   3.9963764e+04   5.3931095e-01
   3.9996779e+04   5.3949165e-01
   4.0026770e+04   5.3950533e-01
   4.0053795e+04   5.3981331e-01
   4.0083779e+04   5.3991305e-01
   4.0113676e+04   5.4006130e-01
   4.0143660e+04   5.4030031e-01
   4.0173740e+04   5.4032761e-01
   4.0205203e+04   5.4049930e-01
   4.0235148e+04   5.4060940e-01
   4.0266674e+04   5.4083387e-01
   4.0296711e+04   5.4099493e-01
   4.0323756e+04   5.4100082e-01
   4.0355264e+04   5.4140269e-01
   4.0386707e+04   5.4153794e-01
   4.0415219e+04   5.4156272e-01
   4.0445270e+04   5.4163384e-01
   4.0475197e+04   5.4177317e-01
   4.0505141e+04   5.4196501e-01
   4.0535162e+04   5.4217820e-01
   4.0563676e+04   5.4230242e-01
   4.0593602e+04   5.4261312e-01
   4.0623551e+04   5.4254532e-01
   4.0653621e+04   5.4284377e-01
   4.0683656e+04   5.4294500e-01
   4.0713547e+04   5.4298854e-01
   4.0743361e+04   5.4325953e-01
   4.0773244e+04   5.4329052e-01
   4.0803289e+04   5.4347614e-01
   4.0834822e+04   5.4375576e-01
   4.0864789e+04   5.4384559e-01
   4.0893277e+04   5.4385051e-01
   4.0924723e+04   5.4399628e-01
   4.0956203e+04   5.4415204e-01
   4.0984709e+04   5.4435329e-01
   4.1013229e+04   5.4450905e-01
   4.1043223e+04   5.4464990e-01
   4.1073164e+04   5.4487274e-01
   4.1103213e+04   5.4486045e-01
   4.1133242e+04   5.4507175e-01
   4.1163219e+04   5.4527211e-01
   4.1193244e+04   5.4547982e-01
   4.1223219e+04   5.4547112e-01
   4.1253166e+04   5.4560603e-01
   4.1283188e+04   5.4570230e-01
   4.1313225e+04   5.4596490e-01
   4.1343236e+04   5.4611786e-01
   4.1373195e+04   5.4626608e-01
   4.1403148e+04   5.4644183e-01
   4.1434662e+04   5.4647780e-01
   4.1464699e+04   5.4672568e-01
   4.1493195e+04   5.4671247e-01
   4.1523143e+04   5.4689318e-01
   4.1553143e+04   5.4710333e-01
   4.1583062e+04   5.4720111e-01
   4.1612990e+04   5.4738377e-01
   4.1643008e+04   5.4754214e-01
   4.1673045e+04   5.4760929e-01
   4.1703004e+04   5.4793371e-01
   4.1732896e+04   5.4790721e-01
   4.1762947e+04   5.4806463e-01
   4.1793021e+04   5.4826363e-01
   4.1822975e+04   5.4835402e-01
   4.1852941e+04   5.4845881e-01
   4.1882943e+04   5.4870837e-01
   4.1912906e+04   5.4865096e-01
   4.1942906e+04   5.4897957e-01
   4.1972941e+04   5.4904915e-01
   4.2002941e+04   5.4911413e-01
   4.2032938e+04   5.4935454e-01
   4.2062926e+04   5.4945183e-01
   4.2092910e+04   5.4950349e-01
   4.2122877e+04   5.4986250e-01
   4.2152900e+04   5.4979382e-01
   4.2182916e+04   5.5012129e-01
   4.2212889e+04   5.5020807e-01
   4.2242887e+04   5.5050622e-01
   4.2272818e+04   5.5044459e-01
   4.2302771e+04   5.5066692e-01
   4.2332807e+04   5.5071795e-01
   4.2362820e+04   5.5087072e-01
   4.2391285e+04   5.5101969e-01
   4.2421326e+04   5.5113551e-01
   4.2452832e+04   5.5123822e-01
   4.2482803e+04   5.5152972e-01
   4.2512889e+04   5.5161199e-01
   4.2542926e+04   5.5176922e-01
   4.2572895e+04   5.5190601e-01
   4.2602816e+04   5.5180739e-01
   4.2632795e+04   5.5212847e-01
   4.2662830e+04   5.5217224e-01
   4.2692758e+04   5.5246212e-01
   4.2722725e+04   5.5246199e-01
   4.2752789e+04   5.5280500e-01
   4.2782848e+04   5.5282792e-01
   4.2811340e+04   5.5285741e-01
   4.2841297e+04   5.5314258e-01
   4.2872785e+04   5.5312159e-01
   4.2902838e+04   5.5332289e-01
   4.2932840e+04   5.5344346e-01
   4.2962863e+04   5.5373968e-01
   4.2991389e+04   5.5380210e-01
   4.3021316e+04   5.5394493e-01
   4.3052783e+04   5.5414631e-01
   4.3082795e+04   5.5399974e-01
   4.3112803e+04   5.5432918e-01
   4.3141250e+04   5.5442065e-01
   4.3171242e+04   5.5463787e-01
   4.3202773e+04   5.5472848e-01
   4.3232771e+04   5.5475995e-01
   4.3262736e+04   5.5505381e-01
   4.3291252e+04   5.5507901e-01
   4.3321281e+04   5.5529925e-01
   4.3351219e+04   5.5528385e-01
   4.3381201e+04   5.5542301e-01
   4.3411150e+04   5.5552265e-01
   4.3441111e+04   5.5576226e-01
   4.3472600e+04   5.5590028e-01
   4.3502584e+04   5.5589654e-01
   4.3532578e+04   5.5621458e-01
   4.3561037e+04   5.5634202e-01
   4.3589527e+04   5.5642578e-01
   4.3621039e+04   5.5656460e-01
   4.3650996e+04   5.5674636e-01
   4.3680965e+04   5.5672458e-01
   4.3710963e+04   5.5695124e-01
   4.3739451e+04   5.5695911e-01
   4.3770996e+04   5.5727945e-01
   4.3800984e+04   5.5720674e-01
   4.3830980e+04   5.5748757e-01
   4.3862494e+04   5.5759391e-01
   4.3890916e+04   5.5756021e-01
   4.3920898e+04   5.5771108e-01
   4.3950969e+04   5.5796562e-01
   4.3980967e+04   5.5800398e-01
   4.4010945e+04   5.5821107e-01
   4.4039434e+04   5.5844762e-01
   4.4069436e+04   5.5838302e-01
   4.4099516e+04   5.5848887e-01
   4.4130975e+04   5.5873259e-01
   4.4160896e+04   5.5872961e-01
   4.4189414e+04   5.5888772e-01
   4.4219447e+04   5.5909591e-01
   4.4249268e+04   5.5918112e-01
   4.4279074e+04   5.5941192e-01
   4.4309113e+04   5.5952637e-01
   4.4339053e+04   5.5963475e-01
   4.4369020e+04   5.5964322e-01
   4.4400498e+04   5.5992113e-01
   4.4430484e+04   5.5983220e-01
   4.4459043e+04   5.6024046e-01
   4.4489037e+04   5.6032389e-01
   4.4519023e+04   5.6038228e-01
   4.4549031e+04   5.6058346e-01
   4.4580566e+04   5.6071226e-01
   4.4610535e+04   5.6078481e-01
   4.4638982e+04   5.6094698e-01
   4.4668986e+04   5.6107056e-01
   4.4699004e+04   5.6125233e-01
   4.4729012e+04   5.6130766e-01
   4.4759014e+04   5.6131735e-01
   4.4788986e+04   5.6140464e-01
   4.4819008e+04   5.6178194e-01
   4.4848973e+04   5.6180347e-01
   4.4878934e+04   5.6189293e-01
   4.4908967e+04   5.6195302e-01
   4.4938926e+04   5.6217395e-01
   4.4969006e+04   5.6217880e-01
   4.4999035e+04   5.6235020e-01
   4.5028969e+04   5.6262184e-01
   4.5058945e+04   5.6273322e-01
   4.5088936e+04   5.6276070e-01
   4.5118908e+04   5.6283944e-01
   4.5148707e+04   5.6303302e-01
   4.5178684e+04   5.6313582e-01
   4.5208783e+04   5.6331798e-01
   4.5238758e+04   5.6346334e-01
   4.5268738e+04   5.6350221e-01
   4.5298729e+04   5.6351603e-01
   4.5328750e+04   5.6379156e-01
   4.5358717e+04   5.6400463e-01
   4.5388738e+04   5.6403585e-01
   4.5418832e+04   5.6411326e-01
   4.5448756e+04   5.6430418e-01
   4.5478623e+04   5.6440498e-01
   4.5508723e+04   5.6446007e-01
   4.5538830e+04   5.6461959e-01
   4.5568693e+04   5.6471295e-01
   4.5598664e+04   5.6484319e-01
   4.5628707e+04   5.6489954e-01
   4.5658613e+04   5.6498573e-01
   4.5688611e+04   5.6516132e-01
   4.5718568e+04   5.6551656e-01
   4.5748574e+04   5.6538641e-01
   4.5778707e+04   5.6557926e-01
   4.5808678e+04   5.6559584e-01
   4.5838602e+04   5.6577833e-01
   4.5868576e+04   5.6600681e-01
   4.5898508e+04   5.6596108e-01
   4.5928498e+04   5.6606927e-01
   4.5958553e+04   5.6636745e-01
   4.5988586e+04   5.6650759e-01
   4.6018709e+04   5.6657280e-01
   4.6048875e+04   5.6666492e-01
   4.6078910e+04   5.6680438e-01
   4.6108898e+04   5.6703217e-01
   4.6138848e+04   5.6690133e-01
   4.6168771e+04   5.6718811e-01
   4.6198824e+04   5.6724820e-01
   4.6228891e+04   5.6740807e-01
   4.6258768e+04   5.6761412e-01
   4.6288744e+04   5.6781024e-01
   4.6318801e+04   5.6762517e-01
   4.6348742e+04   5.6800475e-01
   4.6377264e+04   5.6798536e-01
   4.6407277e+04   5.6807825e-01
   4.6438789e+04   5.6824585e-01
   4.6468791e+04   5.6840811e-01
   4.6498760e+04   5.6854036e-01
   4.6528705e+04   5.6876764e-01
   4.6557236e+04   5.6875900e-01
   4.6587275e+04   5.6895991e-01
   4.6618678e+04   5.6907154e-01
   4.6648670e+04   5.6919549e-01
   4.6678682e+04   5.6933074e-01
   4.6708701e+04   5.6931935e-01
   4.6738717e+04   5.6957055e-01
   4.6767182e+04   5.6950689e-01
   4.6797207e+04   5.6984671e-01
   4.6827240e+04   5.6979365e-01
   4.6855713e+04   5.6997705e-01
   4.6887107e+04   5.7002003e-01
   4.6917012e+04   5.7029396e-01
   4.6945490e+04   5.7004616e-01
   4.6976896e+04   5.7022101e-01
   4.7008377e+04   5.7048377e-01
   4.7038486e+04   5.7056822e-01
   4.7068762e+04   5.7079967e-01
   4.7098768e+04   5.7090411e-01
   4.7126996e+04   5.7104515e-01
   4.7155434e+04   5.7114052e-01
   4.7186984e+04   5.7116753e-01
   4.7218564e+04   5.7137195e-01
   4.7247016e+04   5.7127058e-01
   4.7275432e+04   5.7152642e-01
   4.7307049e+04   5.7178711e-01
   4.7338607e+04   5.7179564e-01
   4.7368562e+04   5.7199499e-01
   4.7398559e+04   5.7193237e-01
   4.7427059e+04   5.7218975e-01
   4.7457027e+04   5.7214718e-01
   4.7487043e+04   5.7257435e-01
   4.7515570e+04   5.7243059e-01
   4.7547115e+04   5.7262958e-01
   4.7578697e+04   5.7276408e-01
   4.7607156e+04   5.7274023e-01
   4.7635635e+04   5.7312953e-01
   4.7665672e+04   5.7307348e-01
   4.7695670e+04   5.7319656e-01
   4.7725646e+04   5.7324698e-01
   4.7757129e+04   5.7338850e-01
   4.7788387e+04   5.7353868e-01
   4.7818305e+04   5.7373767e-01
   4.7846820e+04   5.7365753e-01
   4.7875279e+04   5.7387659e-01
   4.7906646e+04   5.7392921e-01
   4.7938150e+04   5.7409024e-01
   4.7968453e+04   5.7420505e-01
   4.7996873e+04   5.7436647e-01
   4.8025160e+04   5.7446553e-01
   4.8055219e+04   5.7452155e-01
   4.8085287e+04   5.7459529e-01
   4.8115209e+04   5.7486567e-01
   4.8145170e+04   5.7499286e-01
   4.8175174e+04   5.7501888e-01
   4.8205174e+04   5.7499157e-01
   4.8235168e+04   5.7508326e-01
   4.8265240e+04   5.7537742e-01
   4.8295299e+04   5.7534800e-01
   4.8326957e+04   5.7559045e-01
   4.8356945e+04   5.7554884e-01
   4.8385223e+04   5.7580320e-01
   4.8415262e+04   5.7594295e-01
   4.8445242e+04   5.7574433e-01
   4.8475311e+04   5.7609566e-01
   4.8505365e+04   5.7616280e-01
   4.8535336e+04   5.7636120e-01
   4.8566730e+04   5.7635544e-01
   4.8596609e+04   5.7645329e-01
   4.8625139e+04   5.7662880e-01
   4.8655223e+04   5.7680757e-01
   4.8685168e+04   5.7681445e-01
   4.8715014e+04   5.7701143e-01
   4.8745020e+04   5.7711381e-01
   4.8774930e+04   5.7713580e-01
   4.8804881e+04   5.7726488e-01
   4.8834973e+04   5.7728614e-01
   4.8864990e+04   5.7753426e-01
   4.8894924e+04   5.7776438e-01
   4.8924902e+04   5.7776557e-01
   4.8954889e+04   5.7775537e-01
   4.8984881e+04   5.7797550e-01
   4.9014895e+04   5.7811213e-01
   4.9044926e+04   5.7812493e-01
   4.9076479e+04   5.7833805e-01
   4.9106438e+04   5.7829509e-01
   4.9134869e+04   5.7840376e-01
   4.9164945e+04   5.7857081e-01
   4.9195123e+04   5.7882132e-01
   4.9225018e+04   5.7889313e-01
   4.9254930e+04   5.7889386e-01
   4.9284994e+04   5.7917456e-01
   4.9314938e+04   5.7907409e-01
   4.9344920e+04   5.7919941e-01
   4.9374955e+04   5.7936094e-01
   4.9404953e+04   5.7942022e-01
   4.9434930e+04   5.7971527e-01
   4.9464887e+04   5.7976831e-01
   4.9494900e+04   5.7974032e-01
   4.9524996e+04   5.7980095e-01
   4.9555049e+04   5.8011292e-01
   4.9585127e+04   5.8018878e-01
   4.9615123e+04   5.8026414e-01
   4.9645121e+04   5.8017075e-01
   4.9675107e+04   5.8046106e-01
   4.9705055e+04   5.8062937e-01
   4.9735119e+04   5.8070422e-01
   4.9765154e+04   5.8091624e-01
   4.9795078e+04   5.8093103e-01
   4.9825242e+04   5.8112217e-01
   4.9855303e+04   5.8109523e-01
   4.9885057e+04   5.8121036e-01
   4.9914990e+04   5.8129507e-01
   4.9945232e+04   5.8142870e-01
   4.9975301e+04   5.8157433e-01
   5.0005121e+04   5.8150457e-01
   5.0035148e+04   5.8183738e-01
   5.0065162e+04   5.8183145e-01
   5.0095064e+04   5.8197458e-01
   5.0125014e+04   5.8203541e-01
   5.0155062e+04   5.8198486e-01
   5.0183539e+04   5.8217131e-01
   5.0213510e+04   5.8245052e-01
   5.0245082e+04   5.8242494e-01
   5.0275027e+04   5.8278736e-01
   5.0304939e+04   5.8272202e-01
   5.0334953e+04   5.8280294e-01
   5.0364998e+04   5.8293356e-01
   5.0395039e+04   5.8288396e-01
   5.0425021e+04   5.8312434e-01
   5.0454971e+04   5.8327541e-01
   5.0483258e+04   5.8333179e-01
   5.0511717e+04   5.8343847e-01
   5.0543318e+04   5.8370751e-01
   5.0574865e+04   5.8369071e-01
   5.0604898e+04   5.8372444e-01
   5.0634844e+04   5.8391520e-01
   5.0664705e+04   5.8388281e-01
   5.0694775e+04   5.8414982e-01
   5.0724855e+04   5.8419321e-01
   5.0754729e+04   5.8435586e-01
   5.0784783e+04   5.8450430e-01
   5.0816273e+04   5.8451322e-01
   5.0844799e+04   5.8435925e-01
   5.0873244e+04   5.8474975e-01
   5.0904656e+04   5.8485165e-01
   5.0933201e+04   5.8496806e-01
   5.0961729e+04   5.8489183e-01
   5.0993322e+04   5.8519529e-01
   5.1023350e+04   5.8511262e-01
   5.1051801e+04   5.8523054e-01
   5.1081770e+04   5.8538952e-01
   5.1111887e+04   5.8546468e-01
   5.1141854e+04   5.8569526e-01
   5.1171789e+04   5.8562313e-01
   5.1201777e+04   5.8579750e-01
   5.1231652e+04   5.8592867e-01
   5.1261621e+04   5.8604066e-01
   5.1291613e+04   5.8600271e-01
   5.1321514e+04   5.8625377e-01
   5.1351420e+04   5.8623652e-01
   5.1382873e+04   5.8641486e-01
   5.1414316e+04   5.8646006e-01
   5.1444385e+04   5.8674375e-01
   5.1474396e+04   5.8671816e-01
   5.1502713e+04   5.8680852e-01
   5.1531209e+04   5.8695286e-01
   5.1561275e+04   5.8702277e-01
   5.1591260e+04   5.8714842e-01
   5.1621447e+04   5.8731802e-01
   5.1651447e+04   5.8746085e-01
   5.1681236e+04   5.8729185e-01
   5.1711281e+04   5.8749480e-01
   5.1741223e+04   5.8755097e-01
   5.1771172e+04   5.8777971e-01
   5.1802762e+04   5.8802415e-01
   5.1832939e+04   5.8800096e-01
   5.1861465e+04   5.8819413e-01
   5.1891199e+04   5.8824390e-01
   5.1921262e+04   5.8819376e-01
   5.1951330e+04   5.8827962e-01
   5.1981234e+04   5.8837790e-01
   5.2011297e+04   5.8866315e-01
   5.2042791e+04   5.8862360e-01
   5.2072744e+04   5.8859382e-01
   5.2101279e+04   5.8886465e-01
   5.2131236e+04   5.8895384e-01
   5.2161148e+04   5.8891674e-01
   5.2191238e+04   5.8908293e-01
   5.2221059e+04   5.8924883e-01
   5.2250887e+04   5.8940836e-01
   5.2281016e+04   5.8952128e-01
   5.2310979e+04   5.8946537e-01
   5.2340969e+04   5.8961600e-01
   5.2370912e+04   5.8979737e-01
   5.2400906e+04   5.8973954e-01
   5.2430963e+04   5.8989690e-01
   5.2460812e+04   5.9000836e-01
   5.2490869e+04   5.9020276e-01
   5.2521018e+04   5.9017732e-01
   5.2550883e+04   5.9042616e-01
   5.2580826e+04   5.9045022e-01
   5.2610979e+04   5.9058686e-01
   5.2640984e+04   5.9053522e-01
   5.2670930e+04   5.9077166e-01
   5.2700963e+04   5.9080501e-01
   5.2730914e+04   5.9088983e-01
   5.2760893e+04   5.9103093e-01
   5.2790918e+04   5.9112992e-01
   5.2820924e+04   5.9133249e-01
   5.2850998e+04   5.9134873e-01
   5.2880965e+04   5.9146061e-01
   5.2910914e+04   5.9153292e-01
   5.2940939e+04   5.9157563e-01
   5.2970924e+04   5.9175000e-01
   5.3000928e+04   5.9194710e-01
   5.3030869e+04   5.9201343e-01
   5.3060947e+04   5.9213497e-01
   5.3091023e+04   5.9215908e-01
   5.3120902e+04   5.9229050e-01
   5.3150883e+04   5.9229781e-01
   5.3180930e+04   5.9234739e-01
   5.3210957e+04   5.9260386e-01
   5.3240982e+04   5.9255108e-01
   5.3270904e+04   5.9278422e-01
   5.3300928e+04   5.9290068e-01
   5.3330955e+04   5.9296027e-01
   5.3360752e+04   5.9287598e-01
   5.3390771e+04   5.9328159e-01
   5.3420928e+04   5.9319116e-01
   5.3450844e+04   5.9323615e-01
   5.3480920e+04   5.9342969e-01
   5.3509473e+04   5.9356123e-01
   5.3539426e+04   5.9361007e-01
   5.3570830e+04   5.9376686e-01
   5.3600773e+04   5.9380130e-01
   5.3630953e+04   5.9390175e-01
   5.3660965e+04   5.9403168e-01
   5.3690848e+04   5.9397799e-01
   5.3721004e+04   5.9417378e-01
   5.3750973e+04   5.9438950e-01
   5.3780762e+04   5.9441493e-01
   5.3810729e+04   5.9443693e-01
   5.3840535e+04   5.9469560e-01
   5.3869100e+04   5.9476911e-01
   5.3899215e+04   5.9475055e-01
   5.3930707e+04   5.9492342e-01
   5.3960881e+04   5.9499509e-01
   5.3990680e+04   5.9504026e-01
   5.4020537e+04   5.9519878e-01
   5.4050648e+04   5.9539452e-01
   5.4080490e+04   5.9543183e-01
   5.4110504e+04   5.9541770e-01
   5.4139119e+04   5.9551694e-01
   5.4169111e+04   5.9561181e-01
   5.4200723e+04   5.9572139e-01
   5.4229137e+04   5.9592005e-01
   5.4258980e+04   5.9588245e-01
   5.4650285e+04   5.9831770e-01
   5.5038646e+04   5.9848397e-01
   5.5068730e+04   5.9832259e-01
   5.5100127e+04   5.9854710e-01
   5.5130178e+04   5.9860697e-01
   5.5158676e+04   5.9882158e-01
   5.5187027e+04   5.9880193e-01
   5.5218604e+04   5.9891772e-01
   5.5248582e+04   5.9913292e-01
   5.5278498e+04   5.9913713e-01
   5.5308531e+04   5.9918823e-01
   5.5337137e+04   5.9936028e-01
   5.5367104e+04   5.9926408e-01
   5.5397055e+04   5.9955515e-01
   5.5427102e+04   5.9960549e-01
   5.5457002e+04   5.9958101e-01
   5.5486934e+04   5.9985241e-01
   5.5517029e+04   5.9975914e-01
   5.5547031e+04   5.9996897e-01
   5.5576938e+04   6.0002511e-01
   5.5607027e+04   6.0012711e-01
   5.5637072e+04   6.0024654e-01
   5.5667090e+04   6.0038462e-01
   5.5697145e+04   6.0038163e-01
   5.5727025e+04   6.0043071e-01
   5.5756865e+04   6.0065929e-01
   5.5786785e+04   6.0060341e-01
   5.5816807e+04   6.0082634e-01
   5.5846801e+04   6.0087852e-01
   5.5876803e+04   6.0107601e-01
   5.5906809e+04   6.0117378e-01
   5.5936793e+04   6.0129898e-01
   5.5966775e+04   6.0127981e-01
   5.5996799e+04   6.0129115e-01
   5.6026799e+04   6.0146865e-01
   5.6056713e+04   6.0154722e-01
   5.6086697e+04   6.0164216e-01
   5.6116676e+04   6.0164579e-01
   5.6146729e+04   6.0184848e-01
   5.6176830e+04   6.0187976e-01
   5.6206779e+04   6.0202842e-01
   5.6236713e+04   6.0196797e-01
   5.6266725e+04   6.0213208e-01
   5.6296691e+04   6.0226330e-01
   5.6326680e+04   6.0235699e-01
   5.6356721e+04   6.0239442e-01
   5.6386723e+04   6.0252219e-01
   5.6416693e+04   6.0261090e-01
   5.6446656e+04   6.0267859e-01
   5.6478129e+04   6.0276944e-01
   5.6508168e+04   6.0287146e-01
   5.6536680e+04   6.0302064e-01
   5.6566629e+04   6.0299560e-01
   5.6596615e+04   6.0321264e-01
   5.6626633e+04   6.0319351e-01
   5.6656676e+04   6.0336802e-01
   5.6686703e+04   6.0330363e-01
   5.6716738e+04   6.0341300e-01
   5.6745186e+04   6.0368032e-01
   5.6775143e+04   6.0371115e-01
   5.6806732e+04   6.0380294e-01
   5.6836770e+04   6.0385231e-01
   5.6866740e+04   6.0402019e-01
   5.6896738e+04   6.0401547e-01
   5.6926666e+04   6.0412609e-01
   5.6956682e+04   6.0418682e-01
   5.6986746e+04   6.0428536e-01
   5.7016664e+04   6.0442499e-01
   5.7046607e+04   6.0461037e-01
   5.7076631e+04   6.0459017e-01
   5.7106648e+04   6.0458912e-01
   5.7136635e+04   6.0484255e-01
   5.7166635e+04   6.0480961e-01
   5.7196615e+04   6.0486039e-01
   5.7226627e+04   6.0495500e-01
   5.7256678e+04   6.0515228e-01
   5.7286639e+04   6.0511185e-01
   5.7316545e+04   6.0536871e-01
   5.7346564e+04   6.0537326e-01
   5.7376541e+04   6.0549939e-01
   5.7406514e+04   6.0552701e-01
   5.7436514e+04   6.0564316e-01
   5.7466656e+04   6.0569718e-01
   5.7496742e+04   6.0582837e-01
   5.7526510e+04   6.0580421e-01
   5.7556475e+04   6.0599115e-01
   5.7586447e+04   6.0600422e-01
   5.7616373e+04   6.0627076e-01
   5.7646473e+04   6.0629851e-01
   5.7676523e+04   6.0634444e-01
   5.7706418e+04   6.0640432e-01
   5.7736355e+04   6.0650486e-01
   5.7766447e+04   6.0669984e-01
   5.7796422e+04   6.0675638e-01
   5.7826377e+04   6.0687371e-01
   5.7854920e+04   6.0691987e-01
   5.7883404e+04   6.0691503e-01
   5.7914910e+04   6.0714763e-01
   5.7944922e+04   6.0714140e-01
   5.7974807e+04   6.0723337e-01
   5.8004822e+04   6.0738541e-01
   5.8034896e+04   6.0743934e-01
   5.8064844e+04   6.0759148e-01
   5.8094816e+04   6.0763654e-01
   5.8126307e+04   6.0772145e-01
   5.8156418e+04   6.0779202e-01
   5.8186400e+04   6.0782403e-01
   5.8216254e+04   6.0806072e-01
   5.8246244e+04   6.0812302e-01
   5.8276336e+04   6.0826546e-01
   5.8306324e+04   6.0818600e-01
   5.8336256e+04   6.0826853e-01
   5.8366225e+04   6.0847064e-01
   5.8394664e+04   6.0846994e-01
   5.8424518e+04   6.0860501e-01
   5.8454379e+04   6.0867224e-01
   5.8482912e+04   6.0878440e-01
   5.8514451e+04   6.0889050e-01
   5.8545869e+04   6.0889996e-01
   5.8574322e+04   6.0918379e-01
   5.8604318e+04   6.0915648e-01
   5.8635785e+04   6.0922912e-01
   5.8665824e+04   6.0941366e-01
   5.8694342e+04   6.0952033e-01
   5.8722887e+04   6.0943065e-01
   5.8752873e+04   6.0952219e-01
   5.8782828e+04   6.0963169e-01
   5.8812875e+04   6.0971316e-01
   5.8842861e+04   6.0981222e-01
   5.8872811e+04   6.0996742e-01
   5.8902783e+04   6.1013754e-01
   5.8932824e+04   6.1006924e-01
   5.8964336e+04   6.1014963e-01
   5.8994354e+04   6.1052549e-01
   5.9022848e+04   6.1036667e-01
   5.9052848e+04   6.1050009e-01
   5.9082832e+04   6.1058082e-01
   5.9112760e+04   6.1075856e-01
   5.9142824e+04   6.1075801e-01
   5.9172842e+04   6.1080980e-01
   5.9202756e+04   6.1085387e-01
   5.9232705e+04   6.1090497e-01
   5.9262699e+04   6.1115624e-01
   5.9292633e+04   6.1117566e-01
   5.9322518e+04   6.1120426e-01
   5.9354008e+04   6.1151429e-01
   5.9384084e+04   6.1146701e-01
   5.9412586e+04   6.1158785e-01
   5.9442553e+04   6.1160918e-01
   5.9472562e+04   6.1170195e-01
   5.9502592e+04   6.1177810e-01
   5.9532570e+04   6.1200657e-01
   5.9562539e+04   6.1187377e-01
   5.9592518e+04   6.1211026e-01
   5.9622490e+04   6.1203455e-01
   5.9652492e+04   6.1217245e-01
   5.9682518e+04   6.1226986e-01
   5.9712535e+04   6.1226443e-01
   5.9742494e+04   6.1245203e-01
   5.9772510e+04   6.1257844e-01
   5.9802475e+04   6.1253526e-01
   5.9832369e+04   6.1283949e-01
   5.9862439e+04   6.1279442e-01
   5.9892506e+04   6.1284081e-01
   5.9922516e+04   6.1295496e-01
   5.9952539e+04   6.1309014e-01
   5.9982508e+04   6.1303703e-01
   6.0012488e+04   6.1322109e-01
   6.0042494e+04   6.1336315e-01
   6.0072439e+04   6.1335964e-01
   6.0102367e+04   6.1340628e-01
   6.0132418e+04   6.1355881e-01
   6.0162518e+04   6.1369411e-01
   6.0192621e+04   6.1384408e-01
   6.0222680e+04   6.1387416e-01
   6.0252666e+04   6.1400786e-01
   6.0282670e+04   6.1415004e-01
   6.0312691e+04   6.1414205e-01
   6.0342652e+04   6.1410624e-01
   6.0372648e+04   6.1428814e-01
   6.0402680e+04   6.1445761e-01
   6.0432605e+04   6.1447531e-01
   6.0462633e+04   6.1459533e-01
   6.0492734e+04   6.1455811e-01
   6.0522662e+04   6.1473838e-01
   6.0554098e+04   6.1498024e-01
   6.0584139e+04   6.1477993e-01
   6.0612609e+04   6.1501636e-01
   6.0642574e+04   6.1506783e-01
   6.0672574e+04   6.1529170e-01
   6.0702637e+04   6.1522460e-01
   6.0732617e+04   6.1529141e-01
   6.0762574e+04   6.1530854e-01
   6.0792625e+04   6.1564662e-01
   6.0822635e+04   6.1546509e-01
   6.0852646e+04   6.1567428e-01
   6.0882627e+04   6.1575609e-01
   6.0912627e+04   6.1582483e-01
   6.0942582e+04   6.1606735e-01
   6.0972582e+04   6.1594011e-01
   6.1002617e+04   6.1606424e-01
   6.1032562e+04   6.1623436e-01
   6.1062471e+04   6.1622497e-01
   6.1092408e+04   6.1641593e-01
   6.1122406e+04   6.1653700e-01
   6.1152420e+04   6.1668444e-01
   6.1182393e+04   6.1659701e-01
   6.1212371e+04   6.1659950e-01
   6.1242414e+04   6.1666985e-01
   6.1272385e+04   6.1687075e-01
   6.1302340e+04   6.1691753e-01
   6.1332338e+04   6.1690780e-01
   6.1362346e+04   6.1701844e-01
   6.1390846e+04   6.1721751e-01
   6.1420812e+04   6.1742750e-01
   6.1452279e+04   6.1742202e-01
   6.1482303e+04   6.1750655e-01
   6.1512326e+04   6.1745638e-01
   6.1542297e+04   6.1768727e-01
   6.1572297e+04   6.1781208e-01
   6.1602322e+04   6.1771554e-01
   6.1632271e+04   6.1781811e-01
   6.1660736e+04   6.1790176e-01
   6.1689250e+04   6.1795482e-01
   6.1720719e+04   6.1807994e-01
   6.1750752e+04   6.1815182e-01
   6.1780826e+04   6.1821090e-01
   6.1812320e+04   6.1835825e-01
   6.1842252e+04   6.1845064e-01
   6.1872215e+04   6.1860484e-01
   6.1902215e+04   6.1889022e-01
   6.1930736e+04   6.1878152e-01
   6.1960588e+04   6.1875699e-01
   6.1991920e+04   6.1882994e-01
   6.2021936e+04   6.1893136e-01
   6.2051881e+04   6.1903985e-01
   6.2081881e+04   6.1902099e-01
   6.2110455e+04   6.1924390e-01
   6.2140457e+04   6.1928233e-01
   6.2170434e+04   6.1940063e-01
   6.2198869e+04   6.1949964e-01
   6.2228844e+04   6.1955828e-01
   6.2260387e+04   6.1973278e-01
   6.2291863e+04   6.1965141e-01
   6.2320318e+04   6.1993219e-01
   6.2348848e+04   6.1989324e-01
   6.2380365e+04   6.1986735e-01
   6.2411861e+04   6.1999203e-01
   6.2441854e+04   6.2014904e-01
   6.2471824e+04   6.2019683e-01
   6.2500301e+04   6.2027599e-01
   6.2528762e+04   6.2038876e-01
   6.2558773e+04   6.2040076e-01
   6.2588811e+04   6.2046003e-01
   6.2618812e+04   6.2067559e-01
   6.2648807e+04   6.2062148e-01
   6.2678828e+04   6.2073890e-01
   6.2708867e+04   6.2094887e-01
   6.2740324e+04   6.2094089e-01
   6.2770252e+04   6.2115753e-01
   6.2798781e+04   6.2112325e-01
   6.2828760e+04   6.2123183e-01
   6.2858670e+04   6.2141770e-01
   6.2890137e+04   6.2134971e-01
   6.2920107e+04   6.2157703e-01
   6.2948562e+04   6.2149988e-01
   6.2978586e+04   6.2171494e-01
   6.3008578e+04   6.2171841e-01
   6.3038578e+04   6.2182023e-01
   6.3068570e+04   6.2199633e-01
   6.3100010e+04   6.2204787e-01
   6.3131541e+04   6.2198396e-01
   6.3160082e+04   6.2210238e-01
   6.3188568e+04   6.2215439e-01
   6.3218512e+04   6.2231893e-01
   6.3249986e+04   6.2243545e-01
   6.3280004e+04   6.2245166e-01
   6.3308592e+04   6.2243364e-01
   6.3338615e+04   6.2252579e-01
   6.3368582e+04   6.2288492e-01
   6.3398584e+04   6.2269607e-01
   6.3428564e+04   6.2294555e-01
   6.3458531e+04   6.2294664e-01
   6.3488533e+04   6.2296967e-01
   6.3518521e+04   6.2315039e-01
   6.3548449e+04   6.2322227e-01
   6.3578443e+04   6.2341011e-01
   6.3608459e+04   6.2341316e-01
   6.3638465e+04   6.2350322e-01
   6.3668506e+04   6.2349534e-01
   6.3698484e+04   6.2357945e-01
   6.3728584e+04   6.2385864e-01
   6.3758654e+04   6.2381998e-01
   6.3788656e+04   6.2391351e-01
   6.3818738e+04   6.2389791e-01
   6.3848711e+04   6.2406168e-01
   6.3878689e+04   6.2420353e-01
   6.3908689e+04   6.2422613e-01
   6.3938703e+04   6.2429865e-01
   6.3968660e+04   6.2433298e-01
   6.3998625e+04   6.2438333e-01
   6.4028729e+04   6.2457428e-01
   6.4058695e+04   6.2469317e-01
   6.4090098e+04   6.2479781e-01
   6.4120121e+04   6.2478015e-01
   6.4148611e+04   6.2496793e-01
   6.4178619e+04   6.2511374e-01
   6.4208664e+04   6.2503337e-01
   6.4238637e+04   6.2514694e-01
   6.4268586e+04   6.2528220e-01
   6.4298592e+04   6.2523134e-01
   6.4328621e+04   6.2529336e-01
   6.4358609e+04   6.2549066e-01
   6.4388529e+04   6.2540528e-01
   6.4418537e+04   6.2564804e-01
   6.4448568e+04   6.2571031e-01
   6.4478566e+04   6.2575803e-01
   6.4508598e+04   6.2584103e-01
   6.4538627e+04   6.2595709e-01
   6.4568572e+04   6.2612127e-01
   6.4598449e+04   6.2628946e-01
   6.4628377e+04   6.2620779e-01
   6.4658301e+04   6.2638834e-01
   6.4688352e+04   6.2642108e-01
   6.4718420e+04   6.2661122e-01
   6.4748340e+04   6.2650714e-01
   6.4778338e+04   6.2665419e-01
   6.4808396e+04   6.2663332e-01
   6.4838377e+04   6.2690592e-01
   6.4868336e+04   6.2683705e-01
   6.4898318e+04   6.2690691e-01
   6.4928312e+04   6.2707889e-01
   6.4956814e+04   6.2707048e-01
   6.4986809e+04   6.2723349e-01
   6.5018297e+04   6.2736847e-01
   6.5048281e+04   6.2741547e-01
   6.5078287e+04   6.2745522e-01
   6.5108303e+04   6.2750798e-01
   6.5136799e+04   6.2760075e-01
   6.5166771e+04   6.2770389e-01
   6.5196787e+04   6.2780629e-01
   6.5226799e+04   6.2785093e-01
   6.5256791e+04   6.2791610e-01
   6.5285289e+04   6.2797614e-01
   6.5316756e+04   6.2810034e-01
   6.5348232e+04   6.2819064e-01
   6.5378191e+04   6.2829077e-01
   6.5408168e+04   6.2824855e-01
   6.5438205e+04   6.2847076e-01
   6.5468223e+04   6.2849124e-01
   6.5498055e+04   6.2866822e-01
   6.5526406e+04   6.2869440e-01
   6.5556430e+04   6.2886048e-01
   6.5586488e+04   6.2886950e-01
   6.5616465e+04   6.2892156e-01
   6.5647859e+04   6.2901334e-01
   6.5676324e+04   6.2915788e-01
   6.5706312e+04   6.2919888e-01
   6.5736309e+04   6.2917613e-01
   6.5766281e+04   6.2926851e-01
   6.5797781e+04   6.2932905e-01
   6.5827809e+04   6.2952999e-01
   6.5856270e+04   6.2951668e-01
   6.5886312e+04   6.2959196e-01
   6.5916414e+04   6.2966829e-01
   6.5946383e+04   6.2983751e-01
   6.5977844e+04   6.2980626e-01
   6.6006375e+04   6.3010911e-01
   6.6036309e+04   6.2999905e-01
   6.6066250e+04   6.3012105e-01
   6.6094766e+04   6.3020018e-01
   6.6124793e+04   6.3026483e-01
   6.6156289e+04   6.3028565e-01
   6.6186285e+04   6.3053439e-01
   6.6216270e+04   6.3054721e-01
   6.6246273e+04   6.3063902e-01
   6.6274781e+04   6.3065597e-01
   6.6304777e+04   6.3077366e-01
   6.6334801e+04   6.3089041e-01
   6.6366211e+04   6.3096476e-01
   6.6396094e+04   6.3098307e-01
   6.6424578e+04   6.3115628e-01
   6.6454602e+04   6.3116956e-01
   6.6484602e+04   6.3128119e-01
   6.6516066e+04   6.3131878e-01
   6.6546035e+04   6.3154994e-01
   6.6574590e+04   6.3152228e-01
   6.6604562e+04   6.3158438e-01
   6.6635977e+04   6.3168645e-01
   6.6666004e+04   6.3171356e-01
   6.6694531e+04   6.3195282e-01
   6.6724539e+04   6.3197986e-01
   6.6756012e+04   6.3206183e-01
   6.6785988e+04   6.3213561e-01
   6.6814480e+04   6.3215207e-01
   6.6845977e+04   6.3220568e-01
   6.6875984e+04   6.3249656e-01
   6.6904535e+04   6.3232548e-01
   6.6934562e+04   6.3257606e-01
   6.6964523e+04   6.3261921e-01
   6.6994492e+04   6.3271871e-01
   6.7024473e+04   6.3284045e-01
   6.7054445e+04   6.3288344e-01
   6.7084438e+04   6.3285871e-01
   6.7114453e+04   6.3294968e-01
   6.7144414e+04   6.3315978e-01
   6.7174434e+04   6.3304167e-01
   6.7204461e+04   6.3330201e-01
   6.7234473e+04   6.3329664e-01
   6.7264527e+04   6.3338080e-01
   6.7294484e+04   6.3351293e-01
   6.7324465e+04   6.3352889e-01
   6.7354508e+04   6.3366066e-01
   6.7384465e+04   6.3366376e-01
   6.7414445e+04   6.3395022e-01
   6.7444520e+04   6.3392421e-01
   6.7474453e+04   6.3398840e-01
   6.7504383e+04   6.3403861e-01
   6.7534391e+04   6.3407835e-01
   6.7565863e+04   6.3424808e-01
   6.7595832e+04   6.3430112e-01
   6.7624289e+04   6.3442255e-01
   6.7654348e+04   6.3456194e-01
   6.7684422e+04   6.3446316e-01
   6.7714430e+04   6.3465144e-01
   6.7744426e+04   6.3460979e-01
   6.7774402e+04   6.3467406e-01
   6.7804387e+04   6.3496448e-01
   6.7834367e+04   6.3497076e-01
   6.7864344e+04   6.3507707e-01
   6.7894379e+04   6.3503861e-01
   6.7924348e+04   6.3544529e-01
   6.7954309e+04   6.3526659e-01
   6.7984340e+04   6.3536683e-01
   6.8014312e+04   6.3546231e-01
   6.8044227e+04   6.3552078e-01
   6.8074176e+04   6.3561090e-01
   6.8104266e+04   6.3585207e-01
   6.8134285e+04   6.3578324e-01
   6.8164141e+04   6.3586763e-01
   6.8194113e+04   6.3579281e-01
   6.8224109e+04   6.3600879e-01
   6.8254105e+04   6.3605601e-01
   6.8284129e+04   6.3622288e-01
   6.8314090e+04   6.3629693e-01
   6.8344117e+04   6.3646838e-01
   6.8374102e+04   6.3643806e-01
   6.8404047e+04   6.3650654e-01
   6.8434074e+04   6.3662602e-01
   6.8464102e+04   6.3670653e-01
   6.8494086e+04   6.3684057e-01
   6.8524035e+04   6.3678648e-01
   6.8552492e+04   6.3682184e-01
   6.8582449e+04   6.3693527e-01
   6.8614016e+04   6.3703726e-01
   6.8644082e+04   6.3707798e-01
   6.8674090e+04   6.3714313e-01
   6.8704086e+04   6.3735377e-01
   6.8734051e+04   6.3738196e-01
   6.8764047e+04   6.3740442e-01
   6.8794039e+04   6.3750521e-01
   6.8824016e+04   6.3769026e-01
   6.8853992e+04   6.3773858e-01
   6.8882500e+04   6.3791047e-01
   6.8912516e+04   6.3786006e-01
   6.8942496e+04   6.3799194e-01
   6.8970941e+04   6.3812043e-01
   6.9002434e+04   6.3797299e-01
   6.9033824e+04   6.3832407e-01
   6.9063688e+04   6.3843550e-01
   6.9092133e+04   6.3838240e-01
   6.9122164e+04   6.3837740e-01
   6.9153668e+04   6.3855155e-01
   6.9183594e+04   6.3863743e-01
   6.9212129e+04   6.3868117e-01
   6.9240652e+04   6.3878732e-01
   6.9272113e+04   6.3880534e-01
   6.9303594e+04   6.3892109e-01
   6.9333602e+04   6.3906439e-01
   6.9363590e+04   6.3911889e-01
   6.9393590e+04   6.3910552e-01
   6.9423543e+04   6.3929047e-01
   6.9452055e+04   6.3942256e-01
   6.9482141e+04   6.3944031e-01
   6.9512137e+04   6.3959271e-01
   6.9542094e+04   6.3959937e-01
   6.9573625e+04   6.3971336e-01
   6.9603660e+04   6.3979276e-01
   6.9633617e+04   6.3975205e-01
   6.9663586e+04   6.3989108e-01
   6.9692020e+04   6.3993676e-01
   6.9721973e+04   6.4011922e-01
   6.9753480e+04   6.4014429e-01
   6.9783473e+04   6.4023109e-01
   6.9813492e+04   6.4042033e-01
   6.9841977e+04   6.4041872e-01
   6.9870484e+04   6.4050923e-01
   6.9900527e+04   6.4043855e-01
   6.9930434e+04   6.4070514e-01
   6.9961863e+04   6.4074762e-01
   6.9993375e+04   6.4082893e-01
   7.0021867e+04   6.4077677e-01
   7.0050352e+04   6.4098931e-01
   7.0080328e+04   6.4102559e-01
   7.0110344e+04   6.4108473e-01
   7.0140332e+04   6.4123568e-01
   7.0170301e+04   6.4128676e-01
   7.0200309e+04   6.4132625e-01
   7.0231781e+04   6.4144454e-01
   7.0261750e+04   6.4156401e-01
   7.0290273e+04   6.4148080e-01
   7.0320234e+04   6.4171568e-01
   7.0350289e+04   6.4188727e-01
   7.0380359e+04   6.4187996e-01
   7.0411785e+04   6.4197699e-01
   7.0441781e+04   6.4197609e-01
   7.0470297e+04   6.4219106e-01
   7.0500281e+04   6.4214519e-01
   7.0530246e+04   6.4239727e-01
   7.0560270e+04   6.4231217e-01
   7.0590211e+04   6.4245619e-01
   7.0620172e+04   6.4246189e-01
   7.0650230e+04   6.4257384e-01
   7.0680215e+04   6.4262671e-01
   7.0710180e+04   6.4272872e-01
   7.0740164e+04   6.4279283e-01
   7.0770203e+04   6.4290575e-01
   7.0800219e+04   6.4293029e-01
   7.0830238e+04   6.4319839e-01
   7.0860207e+04   6.4306409e-01
   7.0890215e+04   6.4332523e-01
   7.0920219e+04   6.4340390e-01
   7.0950203e+04   6.4356274e-01
   7.0980219e+04   6.4344777e-01
   7.1010203e+04   6.4363277e-01
   7.1040230e+04   6.4373675e-01
   7.1070211e+04   6.4382318e-01
   7.1100195e+04   6.4375904e-01
   7.1130223e+04   6.4389160e-01
   7.1160227e+04   6.4389931e-01
   7.1190129e+04   6.4410811e-01
   7.1221625e+04   6.4413876e-01
   7.1251645e+04   6.4424924e-01
   7.1280129e+04   6.4427074e-01
   7.1310156e+04   6.4433092e-01
   7.1340160e+04   6.4467070e-01
   7.1370098e+04   6.4450848e-01
   7.1400035e+04   6.4459716e-01
   7.1430062e+04   6.4463894e-01
   7.1460078e+04   6.4471381e-01
   7.1490129e+04   6.4488660e-01
   7.1520059e+04   6.4500357e-01
   7.1549980e+04   6.4493461e-01
   7.1580047e+04   6.4503637e-01
   7.1610074e+04   6.4519409e-01
   7.1640078e+04   6.4520953e-01
   7.1670070e+04   6.4538876e-01
   7.1699969e+04   6.4548082e-01
   7.1729922e+04   6.4554222e-01
   7.1759902e+04   6.4559449e-01
   7.1789859e+04   6.4575661e-01
   7.1819859e+04   6.4573102e-01
   7.1849871e+04   6.4585247e-01
   7.1879922e+04   6.4588638e-01
   7.1909934e+04   6.4595193e-01
   7.1939863e+04   6.4602854e-01
   7.1969836e+04   6.4615896e-01
   7.1998359e+04   6.4626125e-01
   7.2028375e+04   6.4639307e-01
   7.2059848e+04   6.4633312e-01
   7.2089805e+04   6.4662662e-01
   7.2119816e+04   6.4655806e-01
   7.2149824e+04   6.4666313e-01
   7.2179848e+04   6.4693573e-01
   7.2209902e+04   6.4683741e-01
   7.2239859e+04   6.4698016e-01
   7.2269797e+04   6.4699848e-01
   7.2299773e+04   6.4704043e-01
   7.2329797e+04   6.4721234e-01
   7.2359797e+04   6.4721151e-01
   7.2389789e+04   6.4736961e-01
   7.2418281e+04   6.4753113e-01
   7.2449785e+04   6.4749928e-01
   7.2481312e+04   6.4757165e-01
   7.2509777e+04   6.4765994e-01
   7.2539766e+04   6.4782036e-01
   7.2568145e+04   6.4786151e-01
   7.2597973e+04   6.4784848e-01
   7.2627930e+04   6.4803506e-01
   7.2657918e+04   6.4812422e-01
   7.2687891e+04   6.4817857e-01
   7.2717914e+04   6.4844839e-01
   7.3106312e+04   6.5033655e-01
   7.3481133e+04   6.5036190e-01
   7.3497586e+04   6.5039567e-01
   7.3526070e+04   6.5040835e-01
   7.3557555e+04   6.5064959e-01
   7.3587543e+04   6.5054737e-01
   7.3617488e+04   6.5076739e-01
   7.3649004e+04   6.5077806e-01
   7.3679012e+04   6.5100894e-01
   7.3709012e+04   6.5105439e-01
   7.3737516e+04   6.5118920e-01
   7.3767523e+04   6.5127009e-01
   7.3797504e+04   6.5118662e-01
   7.3825969e+04   6.5143862e-01
   7.3856008e+04   6.5134964e-01
   7.3885996e+04   6.5152868e-01
   7.3915973e+04   6.5171123e-01
   7.3946008e+04   6.5166806e-01
   7.3976008e+04   6.5174763e-01
   7.4005980e+04   6.5184654e-01
   7.4035988e+04   6.5183129e-01
   7.4067480e+04   6.5212032e-01
   7.4098988e+04   6.5221193e-01
   7.4127500e+04   6.5222883e-01
   7.4155988e+04   6.5226421e-01
   7.4185969e+04   6.5236275e-01
   7.4217492e+04   6.5237802e-01
   7.4247461e+04   6.5258088e-01
   7.4275941e+04   6.5271371e-01
   7.4305895e+04   6.5264998e-01
   7.4337449e+04   6.5286352e-01
   7.4367648e+04   6.5279205e-01
   7.4396219e+04   6.5280447e-01
   7.4426184e+04   6.5308196e-01
   7.4456090e+04   6.5312732e-01
   7.4486086e+04   6.5314963e-01
   7.4516105e+04   6.5318528e-01
   7.4546094e+04   6.5330407e-01
   7.4576086e+04   6.5338621e-01
   7.4606105e+04   6.5359601e-01
   7.4636105e+04   6.5363478e-01
   7.4666039e+04   6.5366868e-01
   7.4696031e+04   6.5371133e-01
   7.4726008e+04   6.5387050e-01
   7.4756008e+04   6.5380425e-01
   7.4786043e+04   6.5422975e-01
   7.4816059e+04   6.5399751e-01
   7.4846137e+04   6.5411448e-01
   7.4876160e+04   6.5418280e-01
   7.4906062e+04   6.5424233e-01
   7.4936008e+04   6.5430025e-01
   7.4966051e+04   6.5440274e-01
   7.4996066e+04   6.5443121e-01
   7.5026051e+04   6.5465282e-01
   7.5056047e+04   6.5471288e-01
   7.5086086e+04   6.5476290e-01
   7.5116035e+04   6.5492238e-01
   7.5145973e+04   6.5492972e-01
   7.5175992e+04   6.5493795e-01
   7.5206008e+04   6.5509017e-01
   7.5235953e+04   6.5508162e-01
   7.5265891e+04   6.5528250e-01
   7.5295902e+04   6.5533033e-01
   7.5325887e+04   6.5531981e-01
   7.5357324e+04   6.5561478e-01
   7.5387262e+04   6.5556169e-01
   7.5415781e+04   6.5562865e-01
   7.5445816e+04   6.5573748e-01
   7.5475816e+04   6.5568313e-01
   7.5505816e+04   6.5594017e-01
   7.5535840e+04   6.5596805e-01
   7.5565738e+04   6.5614382e-01
   7.5595691e+04   6.5610824e-01
   7.5625766e+04   6.5623598e-01
   7.5655695e+04   6.5637319e-01
   7.5685660e+04   6.5640344e-01
   7.5715715e+04   6.5658048e-01
   7.5745766e+04   6.5662454e-01
   7.5775754e+04   6.5667958e-01
   7.5805656e+04   6.5680550e-01
   7.5835637e+04   6.5684086e-01
   7.5865672e+04   6.5701219e-01
   7.5895660e+04   6.5703689e-01
   7.5925699e+04   6.5706936e-01
   7.5957215e+04   6.5704185e-01
   7.5985672e+04   6.5717416e-01
   7.6014121e+04   6.5725355e-01
   7.6044117e+04   6.5739409e-01
   7.6074137e+04   6.5742844e-01
   7.6105523e+04   6.5762338e-01
   7.6135383e+04   6.5770892e-01
   7.6165320e+04   6.5785245e-01
   7.6195285e+04   6.5771025e-01
   7.6225266e+04   6.5795792e-01
   7.6255266e+04   6.5807337e-01
   7.6283738e+04   6.5808543e-01
   7.6313711e+04   6.5816796e-01
   7.6345238e+04   6.5826563e-01
   7.6375301e+04   6.5835593e-01
   7.6405309e+04   6.5841609e-01
   7.6436754e+04   6.5852783e-01
   7.6466742e+04   6.5848673e-01
   7.6495215e+04   6.5868660e-01
   7.6525195e+04   6.5877138e-01
   7.6555254e+04   6.5880569e-01
   7.6585230e+04   6.5878945e-01
   7.6615184e+04   6.5897761e-01
   7.6645250e+04   6.5899852e-01
   7.6675281e+04   6.5925339e-01
   7.6703730e+04   6.5912271e-01
   7.6733762e+04   6.5937692e-01
   7.6765293e+04   6.5958484e-01
   7.6793762e+04   6.5938373e-01
   7.6822250e+04   6.5973870e-01
   7.6853727e+04   6.5974016e-01
   7.6883703e+04   6.5984516e-01
   7.6913699e+04   6.5985975e-01
   7.6943703e+04   6.6000877e-01
   7.6972203e+04   6.6006161e-01
   7.7002105e+04   6.6010667e-01
   7.7033539e+04   6.6017360e-01
   7.7063570e+04   6.6032322e-01
   7.7093492e+04   6.6030072e-01
   7.7123453e+04   6.6051803e-01
   7.7151992e+04   6.6053039e-01
   7.7183488e+04   6.6075070e-01
   7.7214977e+04   6.6086404e-01
   7.7244949e+04   6.6071414e-01
   7.7273473e+04   6.6084043e-01
   7.7301996e+04   6.6101029e-01
   7.7333480e+04   6.6106182e-01
   7.7363430e+04   6.6100466e-01
   7.7393398e+04   6.6120720e-01
   7.7423441e+04   6.6131718e-01
   7.7451926e+04   6.6131887e-01
   7.7481934e+04   6.6159216e-01
   7.7511961e+04   6.6149011e-01
   7.7541957e+04   6.6165745e-01
   7.7571918e+04   6.6175437e-01
   7.7601918e+04   6.6176271e-01
   7.7631941e+04   6.6177142e-01
   7.7661906e+04   6.6207050e-01
   7.7691918e+04   6.6215647e-01
   7.7721898e+04   6.6216450e-01
   7.7751898e+04   6.6215566e-01
   7.7781914e+04   6.6249115e-01
   7.7811879e+04   6.6238014e-01
   7.7841902e+04   6.6241820e-01
   7.7871941e+04   6.6252622e-01
   7.7901996e+04   6.6255295e-01
   7.7932066e+04   6.6262177e-01
   7.7962172e+04   6.6270329e-01
   7.7992145e+04   6.6290671e-01
   7.8022023e+04   6.6292243e-01
   7.8053547e+04   6.6312670e-01
   7.8083578e+04   6.6316651e-01
   7.8112039e+04   6.6318371e-01
   7.8142023e+04   6.6322938e-01
   7.8171969e+04   6.6342790e-01
   7.8201891e+04   6.6340895e-01
   7.8231891e+04   6.6351595e-01
   7.8261883e+04   6.6373275e-01
   7.8291941e+04   6.6377319e-01
   7.8321973e+04   6.6373730e-01
   7.8351977e+04   6.6385378e-01
   7.8381988e+04   6.6400209e-01
   7.8411973e+04   6.6400283e-01
   7.8442023e+04   6.6423626e-01
   7.8472000e+04   6.6429091e-01
   7.8501977e+04   6.6422391e-01
   7.8531984e+04   6.6445715e-01
   7.8561930e+04   6.6432352e-01
   7.8591922e+04   6.6456081e-01
   7.8621957e+04   6.6464422e-01
   7.8651969e+04   6.6470303e-01
   7.8681934e+04   6.6480683e-01
   7.8711941e+04   6.6478768e-01
   7.8741934e+04   6.6497250e-01
   7.8771805e+04   6.6512383e-01
   7.8801766e+04   6.6511343e-01
   7.8831758e+04   6.6531651e-01
   7.8861801e+04   6.6542338e-01
   7.8891781e+04   6.6533484e-01
   7.8921719e+04   6.6541563e-01
   7.8951773e+04   6.6557116e-01
   7.8981777e+04   6.6562537e-01
   7.9011730e+04   6.6572677e-01
   7.9041676e+04   6.6575587e-01
   7.9071695e+04   6.6586070e-01
   7.9101695e+04   6.6585403e-01
   7.9131668e+04   6.6604238e-01
   7.9161660e+04   6.6610744e-01
   7.9191711e+04   6.6630495e-01
   7.9221754e+04   6.6650029e-01
   7.9251711e+04   6.6634658e-01
   7.9281695e+04   6.6659691e-01
   7.9311688e+04   6.6662418e-01
   7.9343137e+04   6.6664746e-01
   7.9373109e+04   6.6673709e-01
   7.9401602e+04   6.6687678e-01
   7.9431648e+04   6.6693318e-01
   7.9461664e+04   6.6696331e-01
   7.9491543e+04   6.6708111e-01
   7.9521516e+04   6.6702952e-01
   7.9553043e+04   6.6726463e-01
   7.9583055e+04   6.6732275e-01
   7.9611566e+04   6.6750680e-01
   7.9641445e+04   6.6750446e-01
   7.9671277e+04   6.6756327e-01
   7.9701211e+04   6.6756294e-01
   7.9731223e+04   6.6784382e-01
   7.9761316e+04   6.6788817e-01
   7.9791316e+04   6.6789883e-01
   7.9821250e+04   6.6800374e-01
   7.9851414e+04   6.6819331e-01
   7.9881375e+04   6.6818083e-01
   7.9911223e+04   6.6843279e-01
   7.9941227e+04   6.6835852e-01
   7.9969723e+04   6.6853286e-01
   7.9999660e+04   6.6843090e-01
   8.0029578e+04   6.6861878e-01
   8.0059621e+04   6.6876559e-01
   8.0091191e+04   6.6885756e-01
   8.0122711e+04   6.6886283e-01
   8.0152641e+04   6.6902979e-01
   8.0181117e+04   6.6908180e-01
   8.0209680e+04   6.6921254e-01
   8.0239688e+04   6.6934162e-01
   8.0271129e+04   6.6933100e-01
   8.0299645e+04   6.6939068e-01
   8.0329676e+04   6.6948652e-01
   8.0361047e+04   6.6944843e-01
   8.0391066e+04   6.6956738e-01
   8.0421117e+04   6.6990875e-01
   8.0449496e+04   6.6982637e-01
   8.0478027e+04   6.6978222e-01
   8.0509590e+04   6.6998485e-01
   8.0539465e+04   6.7008597e-01
   8.0569379e+04   6.7005570e-01
   8.0600906e+04   6.7022155e-01
   8.0629445e+04   6.7025537e-01
   8.0659422e+04   6.7054164e-01
   8.0690914e+04   6.7043248e-01
   8.0720922e+04   6.7065506e-01
   8.0749438e+04   6.7066970e-01
   8.0777871e+04   6.7081084e-01
   8.0809242e+04   6.7074299e-01
   8.0839305e+04   6.7112020e-01
   8.0869355e+04   6.7107027e-01
   8.0899348e+04   6.7125466e-01
   8.0927840e+04   6.7113666e-01
   8.0957844e+04   6.7136593e-01
   8.0987820e+04   6.7118926e-01
   8.1017785e+04   6.7161477e-01
   8.1047898e+04   6.7168809e-01
   8.1077938e+04   6.7165565e-01
   8.1107793e+04   6.7171033e-01
   8.1137785e+04   6.7178999e-01
   8.1167852e+04   6.7180582e-01
   8.1197793e+04   6.7202189e-01
   8.1227730e+04   6.7212963e-01
   8.1259219e+04   6.7223023e-01
   8.1289277e+04   6.7223119e-01
   8.1319289e+04   6.7231893e-01
   8.1349211e+04   6.7236673e-01
   8.1379234e+04   6.7251955e-01
   8.1409262e+04   6.7250798e-01
   8.1437773e+04   6.7260757e-01
   8.1469285e+04   6.7282151e-01
   8.1499285e+04   6.7278915e-01
   8.1527805e+04   6.7281291e-01
   8.1557797e+04   6.7315210e-01
   8.1587695e+04   6.7305143e-01
   8.1617656e+04   6.7327626e-01
   8.1649258e+04   6.7330996e-01
   8.1679191e+04   6.7348201e-01
   8.1707578e+04   6.7366877e-01
   8.1739090e+04   6.7350256e-01
   8.1769148e+04   6.7375189e-01
   8.1799137e+04   6.7372368e-01
   8.1829113e+04   6.7381648e-01
   8.1857676e+04   6.7387834e-01
   8.1887648e+04   6.7412537e-01
   8.1917633e+04   6.7412332e-01
   8.1947621e+04   6.7416187e-01
   8.1977539e+04   6.7416985e-01
   8.2007578e+04   6.7428799e-01
   8.2037625e+04   6.7442405e-01
   8.2069105e+04   6.7453679e-01
   8.2099008e+04   6.7453762e-01
   8.2127609e+04   6.7468907e-01
   8.2157691e+04   6.7473992e-01
   8.2187520e+04   6.7481104e-01
   8.2217512e+04   6.7497963e-01
   8.2247547e+04   6.7500746e-01
   8.2279074e+04   6.7518894e-01
   8.2308945e+04   6.7530561e-01
   8.2337383e+04   6.7528316e-01
   8.2367488e+04   6.7544447e-01
   8.2397520e+04   6.7541302e-01
   8.2427527e+04   6.7570066e-01
   8.2457516e+04   6.7577281e-01
   8.2487453e+04   6.7574866e-01
   8.2517410e+04   6.7577453e-01
   8.2547344e+04   6.7586991e-01
   8.2577324e+04   6.7601658e-01
   8.2607426e+04   6.7599994e-01
   8.2637355e+04   6.7626569e-01
   8.2667195e+04   6.7618592e-01
   8.2697195e+04   6.7634540e-01
   8.2727281e+04   6.7651487e-01
   8.2757305e+04   6.7652013e-01
   8.2787312e+04   6.7670392e-01
   8.2817395e+04   6.7671713e-01
   8.2847375e+04   6.7676425e-01
   8.2877273e+04   6.7683723e-01
   8.2907340e+04   6.7699256e-01
   8.2937328e+04   6.7693569e-01
   8.2967199e+04   6.7717298e-01
   8.2997156e+04   6.7723244e-01
   8.3027199e+04   6.7730815e-01
   8.3057227e+04   6.7757574e-01
   8.3087176e+04   6.7750888e-01
   8.3117191e+04   6.7767024e-01
   8.3147180e+04   6.7766396e-01
   8.3177172e+04   6.7772616e-01
   8.3207105e+04   6.7784770e-01
   8.3236965e+04   6.7781007e-01
   8.3266922e+04   6.7804268e-01
   8.3296859e+04   6.7808514e-01
   8.3326812e+04   6.7822355e-01
   8.3356871e+04   6.7838792e-01
   8.3386965e+04   6.7831708e-01
   8.3416844e+04   6.7849699e-01
   8.3446770e+04   6.7850069e-01
   8.3476828e+04   6.7874193e-01
   8.3506840e+04   6.7868151e-01
   8.3536871e+04   6.7871745e-01
   8.3566828e+04   6.7887113e-01
   8.3596727e+04   6.7901670e-01
   8.3626770e+04   6.7897597e-01
   8.3655246e+04   6.7929692e-01
   8.3685203e+04   6.7935623e-01
   8.3715293e+04   6.7958091e-01
   8.3745328e+04   6.7945480e-01
   8.3776895e+04   6.7954876e-01
   8.3806875e+04   6.7961601e-01
   8.3836824e+04   6.7969254e-01
   8.3865270e+04   6.7977028e-01
   8.3895277e+04   6.7979808e-01
   8.3926707e+04   6.7992953e-01
   8.3956621e+04   6.8000167e-01
   8.3986703e+04   6.8006860e-01
   8.4016797e+04   6.8024740e-01
   8.4046816e+04   6.8026568e-01
   8.4076676e+04   6.8042665e-01
   8.4105043e+04   6.8060818e-01
   8.4135117e+04   6.8052796e-01
   8.4165141e+04   6.8069814e-01
   8.4194992e+04   6.8077665e-01
   8.4226441e+04   6.8085814e-01
   8.4256473e+04   6.8100977e-01
   8.4286547e+04   6.8118936e-01
   8.4314965e+04   6.8118710e-01
   8.4343414e+04   6.8131531e-01
   8.4374980e+04   6.8136784e-01
   8.4406438e+04   6.8148383e-01
   8.4434852e+04   6.8157981e-01
   8.4464789e+04   6.8145364e-01
   8.4494797e+04   6.8169579e-01
   8.4523355e+04   6.8176771e-01
   8.4553465e+04   6.8185099e-01
   8.4585008e+04   6.8206906e-01
   8.4615000e+04   6.8219848e-01
   8.4644969e+04   6.8203789e-01
   8.4676418e+04   6.8215421e-01
   8.4704984e+04   6.8240872e-01
   8.4734980e+04   6.8239165e-01
   8.4766449e+04   6.8243314e-01
   8.4796426e+04   6.8263934e-01
   8.4826312e+04   6.8265527e-01
   8.4854781e+04   6.8287937e-01
   8.4884812e+04   6.8282191e-01
   8.4914789e+04   6.8299174e-01
   8.4943301e+04   6.8307406e-01
   8.4973395e+04   6.8309097e-01
   8.5004789e+04   6.8317881e-01
   8.5034809e+04   6.8325204e-01
   8.5064863e+04   6.8348261e-01
   8.5096297e+04   6.8341979e-01
   8.5124820e+04   6.8345589e-01
   8.5153410e+04   6.8368415e-01
   8.5183527e+04   6.8366041e-01
   8.5213406e+04   6.8378843e-01
   8.5243301e+04   6.8391390e-01
   8.5273324e+04   6.8402437e-01
   8.5303281e+04   6.8410198e-01
   8.5334766e+04   6.8416018e-01
   8.5366293e+04   6.8423416e-01
   8.5396324e+04   6.8442727e-01
   8.5424824e+04   6.8442203e-01
   8.5453324e+04   6.8449880e-01
   8.5483426e+04   6.8462062e-01
   8.5513465e+04   6.8464700e-01
   8.5544867e+04   6.8485726e-01
   8.5574824e+04   6.8480022e-01
   8.5603363e+04   6.8506637e-01
   8.5633355e+04   6.8500552e-01
   8.5663355e+04   6.8529563e-01
   8.5693340e+04   6.8524894e-01
   8.5723336e+04   6.8546289e-01
   8.5753281e+04   6.8559452e-01
   8.5783227e+04   6.8553522e-01
   8.5814750e+04   6.8574955e-01
   8.5844715e+04   6.8565960e-01
   8.5873227e+04   6.8579502e-01
   8.5903211e+04   6.8594272e-01
   8.5933215e+04   6.8600467e-01
   8.5963164e+04   6.8609069e-01
   8.5993113e+04   6.8617716e-01
   8.6023070e+04   6.8627476e-01
   8.6053090e+04   6.8636933e-01
   8.6083125e+04   6.8653717e-01
   8.6113090e+04   6.8654893e-01
   8.6143055e+04   6.8667737e-01
   8.6173066e+04   6.8678354e-01
   8.6203137e+04   6.8682774e-01
   8.6233004e+04   6.8686910e-01
   8.6262992e+04   6.8697308e-01
   8.6293008e+04   6.8701851e-01
   8.6323027e+04   6.8720278e-01
   8.6353137e+04   6.8723288e-01
   8.6383066e+04   6.8746452e-01
   8.6413039e+04   6.8741996e-01
   8.6443090e+04   6.8737626e-01
   8.6473102e+04   6.8772692e-01
   8.6503039e+04   6.8765990e-01
   8.6532953e+04   6.8790491e-01
   8.6563000e+04   6.8799436e-01
   8.6592953e+04   6.8811228e-01
   8.6622926e+04   6.8810468e-01
   8.6652969e+04   6.8828829e-01
   8.6683016e+04   6.8825953e-01
   8.6712984e+04   6.8837381e-01
   8.6742797e+04   6.8853221e-01
   8.6772668e+04   6.8852106e-01
   8.6802711e+04   6.8875749e-01
   8.6832762e+04   6.8880088e-01
   8.6862684e+04   6.8886734e-01
   8.6892684e+04   6.8903791e-01
   8.6922680e+04   6.8900951e-01
   8.6952609e+04   6.8916364e-01
   8.6982602e+04   6.8907238e-01
   8.7012613e+04   6.8945951e-01
   8.7042621e+04   6.8929372e-01
   8.7072582e+04   6.8950079e-01
   8.7102609e+04   6.8955225e-01
   8.7132648e+04   6.8971477e-01
   8.7162699e+04   6.8978075e-01
   8.7192703e+04   6.8988742e-01
   8.7222645e+04   6.8990811e-01
   8.7254117e+04   6.9008485e-01
   8.7284031e+04   6.9027196e-01
   8.7312609e+04   6.9022620e-01
   8.7341074e+04   6.9028498e-01
   8.7371062e+04   6.9038611e-01
   8.7402586e+04   6.9044487e-01
   8.7431027e+04   6.9063244e-01
   8.7461082e+04   6.9060807e-01
   8.7492664e+04   6.9082068e-01
   8.7522691e+04   6.9080737e-01
   8.7552668e+04   6.9087805e-01
   8.7584133e+04   6.9110297e-01
   8.7613973e+04   6.9126505e-01
   8.7642473e+04   6.9117885e-01
   8.7672465e+04   6.9144781e-01
   8.7700855e+04   6.9139569e-01
   8.7730887e+04   6.9160420e-01
   8.7760957e+04   6.9153945e-01
   8.7790941e+04   6.9175699e-01
   8.7822414e+04   6.9162768e-01
   8.7852496e+04   6.9197881e-01
   8.7882488e+04   6.9207514e-01
   8.7912406e+04   6.9221043e-01
   8.7942309e+04   6.9204879e-01
   8.7972238e+04   6.9230806e-01
   8.8002258e+04   6.9236429e-01
   8.8032164e+04   6.9253394e-01
   8.8060707e+04   6.9245844e-01
   8.8090812e+04   6.9274043e-01
   8.8120824e+04   6.9284404e-01
   8.8149414e+04   6.9290439e-01
   8.8180922e+04   6.9278828e-01
   8.8212340e+04   6.9299621e-01
   8.8242230e+04   6.9316266e-01
   8.8272141e+04   6.9320358e-01
   8.8302168e+04   6.9337406e-01
   8.8332246e+04   6.9356936e-01
   8.8362297e+04   6.9354953e-01
   8.8390758e+04   6.9355807e-01
   8.8420766e+04   6.9361077e-01
   8.8450852e+04   6.9377662e-01
   8.8479246e+04   6.9393288e-01
   8.8509348e+04   6.9395262e-01
   8.8539523e+04   6.9404044e-01
   8.8569516e+04   6.9417239e-01
   8.8599547e+04   6.9417676e-01
   8.8631039e+04   6.9447592e-01
   8.8662508e+04   6.9441497e-01
   8.8690988e+04   6.9453323e-01
   8.8721000e+04   6.9460811e-01
   8.8751043e+04   6.9462445e-01
   8.8779543e+04   6.9488955e-01
   8.8809426e+04   6.9492355e-01
   8.8840871e+04   6.9493248e-01
   8.8870918e+04   6.9512491e-01
   8.8900898e+04   6.9510292e-01
   8.8930926e+04   6.9541750e-01
   8.8959512e+04   6.9540052e-01
   8.8989488e+04   6.9548396e-01
   8.9019504e+04   6.9561702e-01
   8.9051000e+04   6.9562640e-01
   8.9082480e+04   6.9585433e-01
   8.9110910e+04   6.9578001e-01
   8.9139352e+04   6.9596966e-01
   8.9169410e+04   6.9609371e-01
   8.9200840e+04   6.9630158e-01
   8.9230828e+04   6.9621473e-01
   8.9259527e+04   6.9644851e-01
   8.9289543e+04   6.9643498e-01
   8.9319480e+04   6.9644278e-01
   8.9349457e+04   6.9666875e-01
   8.9379340e+04   6.9669924e-01
   8.9409227e+04   6.9673941e-01
   8.9439203e+04   6.9692398e-01
   8.9469219e+04   6.9691374e-01
   8.9499082e+04   6.9695020e-01
   8.9529016e+04   6.9716484e-01
   8.9559109e+04   6.9721929e-01
   8.9589188e+04   6.9752769e-01
   8.9620598e+04   6.9742026e-01
   8.9650566e+04   6.9762128e-01
   8.9679172e+04   6.9756782e-01
   8.9709281e+04   6.9775979e-01
   8.9739109e+04   6.9790351e-01
   8.9769039e+04   6.9797965e-01
   8.9799188e+04   6.9819473e-01
   8.9829148e+04   6.9809108e-01
   8.9859207e+04   6.9835999e-01
   8.9889207e+04   6.9835935e-01
   8.9919168e+04   6.9850277e-01
   8.9949172e+04   6.9843957e-01
   8.9979996e+04   6.9855069e-01
   8.9999715e+04   6.9865631e-01
