   1.0892922e-01   7.8160027e-05
   1.1242903e+00  -4.6166085e-06
   1.6076616e+01   5.1998466e-04
   4.4917809e+01   1.2686156e-03
   7.4861166e+01   2.0931451e-03
   1.0495346e+02   2.9178762e-03
   1.3494447e+02   3.7454441e-03
   1.6476060e+02   4.5679695e-03
   1.9466243e+02   5.3998954e-03
   2.2468367e+02   6.2208031e-03
   2.5472607e+02   7.0498453e-03
   2.8465388e+02   7.8668388e-03
   3.1465927e+02   8.6876268e-03
   3.4450914e+02   9.5044105e-03
   3.7452603e+02   1.0333557e-02
   4.0474210e+02   1.1156259e-02
   4.3468982e+02   1.1970955e-02
   4.6463747e+02   1.2798777e-02
   4.9455620e+02   1.3620086e-02
   5.2466499e+02   1.4441938e-02
   5.5463214e+02   1.5249748e-02
   5.8443436e+02   1.6072168e-02
   6.1436383e+02   1.6888796e-02
   6.4432019e+02   1.7707272e-02
   6.7432425e+02   1.8514382e-02
   7.0427985e+02   1.9333549e-02
   7.3271896e+02   2.0145108e-02
   7.6266061e+02   2.0966198e-02
   7.9415762e+02   2.1775792e-02
   8.2410706e+02   2.2590952e-02
   8.5410846e+02   2.3407946e-02
   8.8405023e+02   2.4206831e-02
   9.1387943e+02   2.5029152e-02
   9.4386169e+02   2.5832312e-02
   9.7386307e+02   2.6643133e-02
   1.0036697e+03   2.7447213e-02
   1.0335369e+03   2.8260818e-02
   1.0636620e+03   2.9065903e-02
   1.0923063e+03   2.9875911e-02
   1.1208085e+03   3.0678334e-02
   1.1521955e+03   3.1477704e-02
   1.1836233e+03   3.2286043e-02
   1.2135156e+03   3.3080263e-02
   1.2434194e+03   3.3879139e-02
   1.2733872e+03   3.4673812e-02
   1.3032931e+03   3.5479231e-02
   1.3332942e+03   3.6271400e-02
   1.3633380e+03   3.7068994e-02
   1.3933177e+03   3.7863636e-02
   1.4232491e+03   3.8661257e-02
   1.4516553e+03   3.9448216e-02
   1.4800554e+03   4.0252164e-02
   1.5116588e+03   4.1040107e-02
   1.5417337e+03   4.1818251e-02
   1.5716330e+03   4.2613329e-02
   1.6017556e+03   4.3404264e-02
   1.6317701e+03   4.4184036e-02
   1.6630619e+03   4.4977571e-02
   1.6915573e+03   4.5760175e-02
   1.7201642e+03   4.6554667e-02
   1.7515359e+03   4.7326535e-02
   1.7813323e+03   4.8106340e-02
   1.8112842e+03   4.8883474e-02
   1.8412130e+03   4.9667332e-02
   1.8696157e+03   5.0431473e-02
   1.8995954e+03   5.1220827e-02
   1.9296010e+03   5.1991359e-02
   1.9596638e+03   5.2767070e-02
   1.9896877e+03   5.3541566e-02
   2.0196787e+03   5.4323953e-02
   2.0511584e+03   5.5081558e-02
   2.0810673e+03   5.5858897e-02
   2.1095574e+03   5.6620086e-02
   2.1396245e+03   5.7388959e-02
   2.1710912e+03   5.8157384e-02
   2.2010146e+03   5.8918062e-02
   2.2310204e+03   5.9682553e-02
   2.2625547e+03   6.0446663e-02
   2.2910145e+03   6.1223407e-02
   2.3194744e+03   6.1975711e-02
   2.3509678e+03   6.2742646e-02
   2.3809110e+03   6.3495443e-02
   2.4094194e+03   6.4262839e-02
   2.4394208e+03   6.5009780e-02
   2.4693728e+03   6.5778133e-02
   2.5009192e+03   6.6510415e-02
   2.5308539e+03   6.7270534e-02
   2.5591726e+03   6.8025772e-02
   2.5907303e+03   6.8767743e-02
   2.6207560e+03   6.9530366e-02
   2.6505081e+03   7.0263602e-02
   2.6803208e+03   7.1012561e-02
   2.7087252e+03   7.1759518e-02
   2.7385977e+03   7.2490143e-02
   2.7684623e+03   7.3247879e-02
   2.7998138e+03   7.3960592e-02
   2.8297234e+03   7.4707140e-02
   2.8582040e+03   7.5443881e-02
   2.8882288e+03   7.6168632e-02
   2.9182172e+03   7.6910704e-02
   2.9482263e+03   7.7646150e-02
   2.9782468e+03   7.8367977e-02
   3.0081711e+03   7.9102291e-02
   3.0381456e+03   7.9837290e-02
   3.0681627e+03   8.0556267e-02
   3.0982178e+03   8.1281841e-02
   3.1281991e+03   8.2021884e-02
   3.1596458e+03   8.2731544e-02
   3.1896779e+03   8.3461271e-02
   3.2181689e+03   8.4200383e-02
   3.2481587e+03   8.4911138e-02
   3.2782283e+03   8.5629944e-02
   3.3081726e+03   8.6358392e-02
   3.3381144e+03   8.7069959e-02
   3.3681527e+03   8.7789302e-02
   3.3981678e+03   8.8504126e-02
   3.4281176e+03   8.9215084e-02
   3.4580640e+03   8.9924699e-02
   3.4881267e+03   9.0654915e-02
   3.5181873e+03   9.1359562e-02
   3.5483026e+03   9.2072116e-02
   3.5784155e+03   9.2800812e-02
   3.6084471e+03   9.3498716e-02
   3.6383674e+03   9.4205789e-02
   3.6683698e+03   9.4923292e-02
   3.6983815e+03   9.5612634e-02
   3.7283397e+03   9.6346306e-02
   3.7583828e+03   9.7029505e-02
   3.7883215e+03   9.7750314e-02
   3.8198184e+03   9.8451235e-02
   3.8498701e+03   9.9150527e-02
   3.8783922e+03   9.9856205e-02
   3.9084092e+03   1.0056557e-01
   3.9383882e+03   1.0127079e-01
   3.9684076e+03   1.0197577e-01
   3.9969124e+03   1.0265032e-01
   4.0269354e+03   1.0336718e-01
   4.0584869e+03   1.0406126e-01
   4.0884225e+03   1.0477121e-01
   4.1184016e+03   1.0544905e-01
   4.1709514e+03   1.0683423e-01
   4.2158936e+03   1.0752114e-01
   4.2383970e+03   1.0822127e-01
   4.2684265e+03   1.0891259e-01
   4.2983450e+03   1.0960198e-01
   4.3282571e+03   1.1029243e-01
   4.3582671e+03   1.1098916e-01
   4.3883689e+03   1.1167306e-01
   4.4182524e+03   1.1235737e-01
   4.4480737e+03   1.1304945e-01
   4.4781418e+03   1.1374259e-01
   4.5081477e+03   1.1441903e-01
   4.5381284e+03   1.1509699e-01
   4.5680779e+03   1.1577799e-01
   4.5980610e+03   1.1647111e-01
   4.6267920e+03   1.1715916e-01
   4.6568096e+03   1.1782369e-01
   5.0464792e+03   1.3402692e-01
   5.4212288e+03   1.3468222e-01
   5.4362065e+03   1.3536073e-01
   5.4661594e+03   1.3603379e-01
   5.4961877e+03   1.3669606e-01
   5.5261318e+03   1.3733015e-01
   5.5561592e+03   1.3800202e-01
   5.5862678e+03   1.3866971e-01
   5.6176748e+03   1.3931323e-01
   5.6476729e+03   1.3996707e-01
   5.6774932e+03   1.4061900e-01
   5.7073848e+03   1.4128734e-01
   5.7375107e+03   1.4196020e-01
   5.7660447e+03   1.4260619e-01
   5.7945928e+03   1.4326490e-01
   5.8246843e+03   1.4391270e-01
   5.8545542e+03   1.4456572e-01
   5.8844768e+03   1.4522094e-01
   5.9145039e+03   1.4589566e-01
   5.9453484e+03   1.5208104e-01
   5.9758469e+03   1.4705431e-01
   6.0069753e+03   1.4779114e-01
   6.0369385e+03   1.4848097e-01
   6.0652180e+03   1.4918166e-01
   6.0950405e+03   1.4981499e-01
   6.1264978e+03   1.5046435e-01
   6.1564099e+03   1.5109606e-01
   6.1861985e+03   1.5172371e-01
   6.2161211e+03   1.5238852e-01
   6.2446104e+03   1.5299448e-01
   6.2745234e+03   1.5368582e-01
   6.3044541e+03   1.5430096e-01
   6.3344048e+03   1.5493702e-01
   6.3643687e+03   1.5561822e-01
   6.3942961e+03   1.5624969e-01
   6.4243315e+03   1.5690917e-01
   6.4543816e+03   1.5756514e-01
   6.4843340e+03   1.5820149e-01
   6.5142424e+03   1.5884919e-01
   6.5442222e+03   1.5947901e-01
   6.5742253e+03   1.6015321e-01
   6.6042429e+03   1.6076083e-01
   6.6343552e+03   1.6141297e-01
   6.6644766e+03   1.6204751e-01
   6.6944368e+03   1.6269483e-01
   6.7242729e+03   1.6332095e-01
   6.7542664e+03   1.6399656e-01
   6.7843154e+03   1.6464673e-01
   6.8142766e+03   1.6526780e-01
   6.8442786e+03   1.6590439e-01
   6.8743352e+03   1.6654721e-01
   6.9042529e+03   1.6719758e-01
   6.9342454e+03   1.6781212e-01
   6.9642810e+03   1.6845250e-01
   6.9942075e+03   1.6907675e-01
   7.0242141e+03   1.6973467e-01
   7.0543208e+03   1.7034603e-01
   7.0844067e+03   1.7101957e-01
   7.1143831e+03   1.7161349e-01
   7.1444209e+03   1.7229282e-01
   7.1745488e+03   1.7292541e-01
   7.2045159e+03   1.7355792e-01
   7.2344229e+03   1.7417152e-01
   7.2644822e+03   1.7481892e-01
   7.2945239e+03   1.7544765e-01
   7.3244521e+03   1.7606394e-01
   7.3542673e+03   1.7671139e-01
   7.3841123e+03   1.7734564e-01
   7.4142292e+03   1.7796553e-01
   7.4443699e+03   1.7859398e-01
   7.4744031e+03   1.7923425e-01
   7.5043994e+03   1.7987493e-01
   7.5343557e+03   1.8048083e-01
   7.5643145e+03   1.8112805e-01
   7.5943540e+03   1.8174408e-01
   7.6243660e+03   1.8238047e-01
   7.6543352e+03   1.8299346e-01
   7.6843274e+03   1.8359980e-01
   7.7142268e+03   1.8422952e-01
   7.7442310e+03   1.8486665e-01
   7.7743152e+03   1.8547168e-01
   7.8043123e+03   1.8614969e-01
   7.8342786e+03   1.8673606e-01
   7.8642175e+03   1.8736133e-01
   7.8941824e+03   1.8800172e-01
   7.9257522e+03   1.8864404e-01
   7.9556846e+03   1.8924115e-01
   7.9826311e+03   1.8985179e-01
   8.0126682e+03   1.9049264e-01
   8.0441802e+03   1.9110907e-01
   8.0741255e+03   1.9171852e-01
   8.1040278e+03   1.9235975e-01
   8.1340647e+03   1.9298258e-01
   8.1640701e+03   1.9357080e-01
   8.1940359e+03   1.9424517e-01
   8.2240342e+03   1.9479856e-01
   8.2540356e+03   1.9547816e-01
   8.2839814e+03   1.9606971e-01
   8.3140312e+03   1.9667664e-01
   8.3440786e+03   1.9731220e-01
   8.3740610e+03   1.9792380e-01
   8.4040679e+03   1.9854836e-01
   8.4339106e+03   1.9915944e-01
   8.4640137e+03   1.9977034e-01
   8.4940679e+03   2.0039240e-01
   8.5239482e+03   2.0102428e-01
   8.5524722e+03   2.0161919e-01
   8.5824585e+03   2.0223472e-01
   8.6139565e+03   2.0285859e-01
   8.6424946e+03   2.0348229e-01
   8.6709517e+03   2.0407831e-01
   8.7009165e+03   2.0470384e-01
   8.7309043e+03   2.0529498e-01
   8.7623911e+03   2.0592528e-01
   8.7939404e+03   2.0652556e-01
   8.8238223e+03   2.0718986e-01
   8.8536763e+03   2.0773216e-01
   8.8821011e+03   2.0834500e-01
   8.9106533e+03   2.0899925e-01
   8.9421440e+03   2.0957695e-01
   8.9736094e+03   2.1020726e-01
   9.0021226e+03   2.1081341e-01
   9.0320225e+03   2.1137837e-01
   9.0635264e+03   2.1205327e-01
   9.0936235e+03   2.1261228e-01
   9.1221265e+03   2.1328301e-01
   9.1520742e+03   2.1386558e-01
   9.1835137e+03   2.1444984e-01
   9.2119697e+03   2.1506582e-01
   9.2419839e+03   2.1568605e-01
   9.2734194e+03   2.1626720e-01
   9.3019443e+03   2.1689000e-01
   9.3305283e+03   2.1747927e-01
   9.3620098e+03   2.1812298e-01
   9.3935049e+03   2.1871962e-01
   9.4219688e+03   2.1933737e-01
   9.4519565e+03   2.1993066e-01
   9.4834536e+03   2.2051769e-01
   9.5118286e+03   2.2113577e-01
   9.5417925e+03   2.2174471e-01
   9.5718750e+03   2.2234723e-01
   9.6003701e+03   2.2292877e-01
   9.6304014e+03   2.2359159e-01
   9.6603804e+03   2.2414720e-01
   9.6903306e+03   2.2474327e-01
   9.7203447e+03   2.2537906e-01
   9.7502563e+03   2.2592902e-01
   9.7817041e+03   2.2654992e-01
   9.8132861e+03   2.2713725e-01
   9.8417637e+03   2.2776578e-01
   9.8702344e+03   2.2835765e-01
   9.9002769e+03   2.2892647e-01
   9.9302188e+03   2.2955922e-01
   9.9601479e+03   2.3015013e-01
   9.9901743e+03   2.3075448e-01
   1.0020283e+04   2.3136116e-01
   1.0050278e+04   2.3194629e-01
   1.0080139e+04   2.3252000e-01
   1.0110049e+04   2.3315930e-01
   1.0140078e+04   2.3373185e-01
   1.0170164e+04   2.3430695e-01
   1.0200164e+04   2.3494837e-01
   1.0230086e+04   2.3548885e-01
   1.0260158e+04   2.3613538e-01
   1.0290103e+04   2.3672941e-01
   1.0320005e+04   2.3733909e-01
   1.0350164e+04   2.3790925e-01
   1.0380167e+04   2.3852624e-01
   1.0410074e+04   2.3911708e-01
   1.0439989e+04   2.3970503e-01
   1.0470027e+04   2.4025646e-01
   1.0500003e+04   2.4091498e-01
   1.0530028e+04   2.4144166e-01
   1.0560108e+04   2.4207451e-01
   1.0589984e+04   2.4265361e-01
   1.0619971e+04   2.4323965e-01
   1.0650046e+04   2.4385066e-01
   1.0680051e+04   2.4444060e-01
   1.0709989e+04   2.4501776e-01
   1.0739931e+04   2.4563994e-01
   1.0769921e+04   2.4618431e-01
   1.0799931e+04   2.4679988e-01
   1.0829901e+04   2.4739379e-01
   1.0859853e+04   2.4800028e-01
   1.0889909e+04   2.4859576e-01
   1.0919975e+04   2.4915681e-01
   1.0949924e+04   2.4974408e-01
   1.0979812e+04   2.5033378e-01
   1.1009779e+04   2.5094362e-01
   1.1039911e+04   2.5152064e-01
   1.1069936e+04   2.5209249e-01
   1.1099930e+04   2.5272100e-01
   1.1129984e+04   2.5323223e-01
   1.1159943e+04   2.5384006e-01
   1.1189922e+04   2.5445784e-01
   1.1219950e+04   2.5505992e-01
   1.1249973e+04   2.5559777e-01
   1.1279947e+04   2.5624601e-01
   1.1309876e+04   2.5675534e-01
   1.1339785e+04   2.5737718e-01
   1.1369736e+04   2.5794715e-01
   1.1399767e+04   2.5852699e-01
   1.1429732e+04   2.5911460e-01
   1.1459785e+04   2.5969897e-01
   1.1489756e+04   2.6033497e-01
   1.1519696e+04   2.6089234e-01
   1.1549682e+04   2.6148259e-01
   1.1579644e+04   2.6205523e-01
   1.1609619e+04   2.6264075e-01
   1.1639586e+04   2.6322165e-01
   1.1669618e+04   2.6376156e-01
   1.1699594e+04   2.6435947e-01
   1.1729587e+04   2.6497173e-01
   1.1759518e+04   2.6553137e-01
   1.1789457e+04   2.6607657e-01
   1.1819535e+04   2.6667818e-01
   1.1849554e+04   2.6723589e-01
   1.1879547e+04   2.6787568e-01
   1.1909637e+04   2.6844045e-01
   1.1938087e+04   2.6901472e-01
   1.1968042e+04   2.6955796e-01
   1.1999615e+04   2.7016684e-01
   1.2029646e+04   2.7075045e-01
   1.2059622e+04   2.7129337e-01
   1.2088070e+04   2.7187685e-01
   1.2118002e+04   2.7248090e-01
   1.2149518e+04   2.7302178e-01
   1.2179522e+04   2.7363481e-01
   1.2209463e+04   2.7419376e-01
   1.2237987e+04   2.7479606e-01
   1.2267968e+04   2.7535592e-01
   1.2297923e+04   2.7589974e-01
   1.2327928e+04   2.7649295e-01
   1.2357979e+04   2.7705333e-01
   1.2387767e+04   2.7761617e-01
   1.2419073e+04   2.7818082e-01
   1.2449136e+04   2.7878413e-01
   1.2479169e+04   2.7935042e-01
   1.2509180e+04   2.7996699e-01
   1.2539245e+04   2.8048361e-01
   1.2567808e+04   2.8107855e-01
   1.2596195e+04   2.8166874e-01
   1.2626091e+04   2.8225405e-01
   1.2656069e+04   2.8277749e-01
   1.2687535e+04   2.8334158e-01
   1.2719034e+04   2.8390582e-01
   1.2747602e+04   2.8449482e-01
   1.2777622e+04   2.8505895e-01
   1.2809132e+04   2.8565259e-01
   1.2839212e+04   2.8621282e-01
   1.2869178e+04   2.8679164e-01
   1.2897779e+04   2.8734247e-01
   1.2927674e+04   2.8795495e-01
   1.2957475e+04   2.8848035e-01
   1.2987534e+04   2.8905542e-01
   1.3019043e+04   2.8958746e-01
   1.3048984e+04   2.9015968e-01
   1.3077462e+04   2.9073071e-01
   1.3107487e+04   2.9129458e-01
   1.3137526e+04   2.9187571e-01
   1.3166044e+04   2.9245240e-01
   1.3197493e+04   2.9302676e-01
   1.3229001e+04   2.9357988e-01
   1.3258953e+04   2.9419212e-01
   1.3287333e+04   2.9467982e-01
   1.3315798e+04   2.9530178e-01
   1.3347363e+04   2.9581793e-01
   1.3377313e+04   2.9643901e-01
   1.3407298e+04   2.9695196e-01
   1.3437378e+04   2.9752825e-01
   1.3465857e+04   2.9810855e-01
   1.3495844e+04   2.9862590e-01
   1.3527399e+04   2.9922510e-01
   1.3557419e+04   2.9973648e-01
   1.3585810e+04   3.0038503e-01
   1.3617220e+04   3.0089569e-01
   1.3647283e+04   3.0145374e-01
   1.3675846e+04   3.0207260e-01
   1.3705896e+04   3.0259306e-01
   1.3735977e+04   3.0312707e-01
   1.3765842e+04   3.0369823e-01
   1.3795840e+04   3.0426055e-01
   1.3825896e+04   3.0481320e-01
   1.3855849e+04   3.0539586e-01
   1.3885909e+04   3.0590550e-01
   1.3915795e+04   3.0649906e-01
   1.3945655e+04   3.0703817e-01
   1.3975661e+04   3.0763494e-01
   1.4005748e+04   3.0811864e-01
   1.4035710e+04   3.0874082e-01
   1.4065563e+04   3.0928044e-01
   1.4095530e+04   3.0984289e-01
   1.4125682e+04   3.1037167e-01
   1.4155884e+04   3.1100278e-01
   1.4185945e+04   3.1146469e-01
   1.4215903e+04   3.1207982e-01
   1.4245837e+04   3.1255552e-01
   1.4275736e+04   3.1318982e-01
   1.4305706e+04   3.1374920e-01
   1.4335721e+04   3.1429249e-01
   1.4365525e+04   3.1482552e-01
   1.4395557e+04   3.1537217e-01
   1.4425713e+04   3.1595880e-01
   1.4455788e+04   3.1650159e-01
   1.4485704e+04   3.1703600e-01
   1.4515389e+04   3.1765650e-01
   1.4545540e+04   3.1814073e-01
   1.4575737e+04   3.1869574e-01
   1.4605723e+04   3.1925414e-01
   1.4635799e+04   3.1979651e-01
   1.4665723e+04   3.2035856e-01
   1.4695624e+04   3.2092229e-01
   1.4725675e+04   3.2145427e-01
   1.4755644e+04   3.2207335e-01
   1.4787174e+04   3.2249970e-01
   1.4817233e+04   3.2310900e-01
   1.4845628e+04   3.2361714e-01
   1.4875630e+04   3.2419642e-01
   1.4905727e+04   3.2474847e-01
   1.4935846e+04   3.2527916e-01
   1.4965938e+04   3.2583391e-01
   1.4995759e+04   3.2637181e-01
   1.5025639e+04   3.2693362e-01
   1.5055759e+04   3.2747184e-01
   1.5085771e+04   3.2803541e-01
   1.5115936e+04   3.2859273e-01
   1.5145937e+04   3.2910174e-01
   1.5175574e+04   3.2960861e-01
   1.5205471e+04   3.3019428e-01
   1.5235548e+04   3.3073729e-01
   1.5265584e+04   3.3126778e-01
   1.5295616e+04   3.3184885e-01
   1.5327169e+04   3.3238610e-01
   1.5357175e+04   3.3292863e-01
   1.5384116e+04   3.3347650e-01
   1.5414058e+04   3.3399349e-01
   1.5445589e+04   3.3451044e-01
   1.5475583e+04   3.3506807e-01
   1.5505434e+04   3.3562293e-01
   1.5535472e+04   3.3616617e-01
   1.5565581e+04   3.3670373e-01
   1.5595595e+04   3.3717850e-01
   1.5625576e+04   3.3778399e-01
   1.5655514e+04   3.3832204e-01
   1.5685375e+04   3.3889313e-01
   1.5715281e+04   3.3938034e-01
   1.5743914e+04   3.3997017e-01
   1.5774038e+04   3.4044996e-01
   1.5805622e+04   3.4108041e-01
   1.5835533e+04   3.4155731e-01
   1.5864032e+04   3.4209350e-01
   1.5894040e+04   3.4260943e-01
   1.5925334e+04   3.4322237e-01
   1.5955218e+04   3.4368692e-01
   1.5985152e+04   3.4423674e-01
   1.6015133e+04   3.4481799e-01
   1.6045031e+04   3.4528440e-01
   1.6073538e+04   3.4583389e-01
   1.6103640e+04   3.4636122e-01
   1.6135068e+04   3.4694217e-01
   1.6165063e+04   3.4741683e-01
   1.6195083e+04   3.4793145e-01
   1.6223592e+04   3.4855394e-01
   1.6253628e+04   3.4906609e-01
   1.6285177e+04   3.4952617e-01
   1.6315194e+04   3.5008999e-01
   1.6345119e+04   3.5061837e-01
   1.6373618e+04   3.5105827e-01
   1.6403649e+04   3.5172593e-01
   1.6435154e+04   3.5224449e-01
   1.6463632e+04   3.5272936e-01
   1.6493571e+04   3.5329229e-01
   1.6523565e+04   3.5381609e-01
   1.6552155e+04   3.5435477e-01
   1.6583681e+04   3.5490902e-01
   1.6613596e+04   3.5541801e-01
   1.6642043e+04   3.5599081e-01
   1.6673568e+04   3.5647859e-01
   1.6703566e+04   3.5699523e-01
   1.6733529e+04   3.5752396e-01
   1.6763576e+04   3.5809536e-01
   1.6793532e+04   3.5858484e-01
   1.6824960e+04   3.5913420e-01
   1.6853476e+04   3.5961205e-01
   1.6883458e+04   3.6019361e-01
   1.6913449e+04   3.6067343e-01
   1.6943443e+04   3.6116300e-01
   1.6973353e+04   3.6171799e-01
   1.7003348e+04   3.6224343e-01
   1.7034824e+04   3.6276968e-01
   1.7064815e+04   3.6334454e-01
   1.7094856e+04   3.6384378e-01
   1.7123340e+04   3.6436658e-01
   1.7151876e+04   3.6490825e-01
   1.7181821e+04   3.6542246e-01
   1.7213285e+04   3.6595793e-01
   1.7243339e+04   3.6646104e-01
   1.7271825e+04   3.6698302e-01
   1.7301827e+04   3.6751055e-01
   1.7331889e+04   3.6800853e-01
   1.7361874e+04   3.6858942e-01
   1.7391813e+04   3.6897946e-01
   1.7421787e+04   3.6960833e-01
   1.7451841e+04   3.7010900e-01
   1.7481868e+04   3.7068522e-01
   1.7513280e+04   3.7114601e-01
   1.7543232e+04   3.7170115e-01
   1.7571747e+04   3.7216656e-01
   1.7601696e+04   3.7272169e-01
   1.7631742e+04   3.7321274e-01
   1.7661770e+04   3.7375340e-01
   1.7691783e+04   3.7425248e-01
   1.7724918e+04   3.7477465e-01
   1.7754996e+04   3.7528225e-01
   1.7781974e+04   3.7583075e-01
   1.7811936e+04   3.7630952e-01
   1.7841967e+04   3.7687740e-01
   1.7871988e+04   3.7733871e-01
   1.7901891e+04   3.7784719e-01
   1.7931889e+04   3.7836615e-01
   1.7961978e+04   3.7891726e-01
   1.7992021e+04   3.7939992e-01
   1.8021977e+04   3.7991451e-01
   1.8051906e+04   3.8044931e-01
   1.8081993e+04   3.8093751e-01
   1.8111959e+04   3.8148485e-01
   1.8141881e+04   3.8193972e-01
   1.8171860e+04   3.8248611e-01
   1.8202018e+04   3.8298189e-01
   1.8232098e+04   3.8350971e-01
   1.8261913e+04   3.8400005e-01
   1.8291925e+04   3.8453820e-01
   1.8321972e+04   3.8506097e-01
   1.8351898e+04   3.8556714e-01
   1.8381872e+04   3.8608336e-01
   1.8411903e+04   3.8661564e-01
   1.8441901e+04   3.8705195e-01
   1.8471866e+04   3.8759153e-01
   1.8501887e+04   3.8815184e-01
   1.8531930e+04   3.8858525e-01
   1.8561861e+04   3.8912954e-01
   1.8591729e+04   3.8961175e-01
   1.8621738e+04   3.9010910e-01
   1.8651823e+04   3.9064764e-01
   1.8681749e+04   3.9120734e-01
   1.8711639e+04   3.9164924e-01
   1.8741635e+04   3.9218535e-01
   1.8771668e+04   3.9261080e-01
   1.8801668e+04   3.9318227e-01
   1.8831801e+04   3.9372249e-01
   1.8861834e+04   3.9418699e-01
   1.8891673e+04   3.9469548e-01
   1.8921600e+04   3.9518785e-01
   1.8951629e+04   3.9569715e-01
   1.8981661e+04   3.9620846e-01
   1.9011645e+04   3.9667238e-01
   1.9041648e+04   3.9717605e-01
   1.9071664e+04   3.9769944e-01
   1.9101670e+04   3.9823318e-01
   1.9131654e+04   3.9868597e-01
   1.9161629e+04   3.9921584e-01
   1.9191582e+04   3.9975010e-01
   1.9221555e+04   4.0019884e-01
   1.9251537e+04   4.0069704e-01
   1.9281568e+04   4.0117589e-01
   1.9311578e+04   4.0168119e-01
   1.9341525e+04   4.0221617e-01
   1.9371537e+04   4.0270941e-01
   1.9401509e+04   4.0317277e-01
   1.9431522e+04   4.0371656e-01
   1.9459916e+04   4.0420408e-01
   1.9489755e+04   4.0471954e-01
   1.9521268e+04   4.0512041e-01
   1.9549734e+04   4.0571307e-01
   1.9579725e+04   4.0614372e-01
   1.9609728e+04   4.0668722e-01
   1.9639716e+04   4.0717337e-01
   1.9671303e+04   4.0770150e-01
   1.9701309e+04   4.0816604e-01
   1.9731258e+04   4.0862318e-01
   1.9761234e+04   4.0918102e-01
   1.9791150e+04   4.0964869e-01
   1.9821157e+04   4.1012978e-01
   1.9851219e+04   4.1063087e-01
   1.9881266e+04   4.1110808e-01
   1.9911218e+04   4.1161267e-01
   1.9941224e+04   4.1209685e-01
   1.9969791e+04   4.1257243e-01
   1.9999723e+04   4.1309546e-01
   2.0029693e+04   4.1352036e-01
   2.0059727e+04   4.1404051e-01
   2.0091088e+04   4.1458928e-01
   2.0121051e+04   4.1500826e-01
   2.0151079e+04   4.1555083e-01
   2.0179650e+04   4.1608139e-01
   2.0208163e+04   4.1652937e-01
   2.0239486e+04   4.1701081e-01
   2.0269454e+04   4.1744277e-01
   2.0297985e+04   4.1795896e-01
   2.0328011e+04   4.1847627e-01
   2.0357949e+04   4.1899059e-01
   2.0389389e+04   4.1942264e-01
   2.0419306e+04   4.1997407e-01
   2.0447758e+04   4.2043653e-01
   2.0477842e+04   4.2092527e-01
   2.0507825e+04   4.2141728e-01
   2.0537814e+04   4.2189566e-01
   2.0569339e+04   4.2240388e-01
   2.0600771e+04   4.2286101e-01
   2.0630751e+04   4.2332654e-01
   2.0659276e+04   4.2379064e-01
   2.0687761e+04   4.2430291e-01
   2.0717728e+04   4.2477855e-01
   2.0747744e+04   4.2522423e-01
   2.0779246e+04   4.2575709e-01
   2.0810735e+04   4.2625375e-01
   2.0839238e+04   4.2670787e-01
   2.0867819e+04   4.2721671e-01
   2.0899397e+04   4.2763632e-01
   2.0929325e+04   4.2819797e-01
   2.0959289e+04   4.2860020e-01
   2.0989410e+04   4.2909026e-01
   2.1017875e+04   4.2960712e-01
   2.1047673e+04   4.3012901e-01
   2.1077700e+04   4.3053689e-01
   2.1109237e+04   4.3107760e-01
   2.1139205e+04   4.3148300e-01
   2.1167624e+04   4.3202548e-01
   2.1197638e+04   4.3242630e-01
   2.1227693e+04   4.3299869e-01
   2.1257746e+04   4.3344403e-01
   2.1289350e+04   4.3387842e-01
   2.1320910e+04   4.3441427e-01
   2.1349373e+04   4.3487360e-01
   2.1377885e+04   4.3532851e-01
   2.1408123e+04   4.3584502e-01
   2.1438076e+04   4.3626146e-01
   2.1467964e+04   4.3673090e-01
   2.1497944e+04   4.3727068e-01
   2.1527981e+04   4.3764982e-01
   2.1559465e+04   4.3817975e-01
   2.1589348e+04   4.3866189e-01
   2.1617887e+04   4.3909993e-01
   2.1647731e+04   4.3961179e-01
   2.1677838e+04   4.4007654e-01
   2.1707965e+04   4.4055119e-01
   2.1737728e+04   4.4098750e-01
   2.1767787e+04   4.4160640e-01
   2.1797870e+04   4.4193554e-01
   2.1827797e+04   4.4245166e-01
   2.1857963e+04   4.4291954e-01
   2.1887915e+04   4.4336281e-01
   2.1917731e+04   4.4386353e-01
   2.1947796e+04   4.4429576e-01
   2.1979330e+04   4.4479042e-01
   2.2009343e+04   4.4525330e-01
   2.2037893e+04   4.4570002e-01
   2.2067916e+04   4.4620944e-01
   2.2097844e+04   4.4665063e-01
   2.2127669e+04   4.4708584e-01
   2.2157547e+04   4.4759339e-01
   2.2187610e+04   4.4802185e-01
   2.2217472e+04   4.4852057e-01
   2.2247510e+04   4.4897633e-01
   2.2277630e+04   4.4942595e-01
   2.2307595e+04   4.4987694e-01
   2.2337596e+04   4.5037284e-01
   2.2367557e+04   4.5077909e-01
   2.2397599e+04   4.5133574e-01
   2.2427544e+04   4.5174328e-01
   2.2457551e+04   4.5227421e-01
   2.2487714e+04   4.5277364e-01
   2.2517621e+04   4.5314151e-01
   2.2547439e+04   4.5367020e-01
   2.2577541e+04   4.5398828e-01
   2.2607645e+04   4.5452896e-01
   2.2637632e+04   4.5503584e-01
   2.2667551e+04   4.5543296e-01
   2.2697536e+04   4.5585987e-01
   2.2727530e+04   4.5640388e-01
   2.2757527e+04   4.5682841e-01
   2.2787583e+04   4.5731447e-01
   2.2817549e+04   4.5784887e-01
   2.2847539e+04   4.5825521e-01
   2.2877540e+04   4.5877529e-01
   2.2907503e+04   4.5909626e-01
   2.2937522e+04   4.5958991e-01
   2.2966027e+04   4.6003868e-01
   2.2995941e+04   4.6050423e-01
   2.3027326e+04   4.6091354e-01
   2.3057273e+04   4.6140218e-01
   2.3087259e+04   4.6192557e-01
   2.3478564e+04   4.7296165e-01
   2.3866990e+04   4.7338769e-01
   2.3895455e+04   4.7381968e-01
   2.3926903e+04   4.7418746e-01
   2.3956951e+04   4.7473498e-01
   2.3986963e+04   4.7505828e-01
   2.4015461e+04   4.7566063e-01
   2.4045388e+04   4.7596569e-01
   2.4076852e+04   4.7640413e-01
   2.4106854e+04   4.7697712e-01
   2.4135373e+04   4.7732149e-01
   2.4165394e+04   4.7778447e-01
   2.4196902e+04   4.7820256e-01
   2.4225357e+04   4.7868464e-01
   2.4253848e+04   4.7903875e-01
   2.4283934e+04   4.7955926e-01
   2.4315435e+04   4.7997596e-01
   2.4346877e+04   4.8043171e-01
   2.4375404e+04   4.8085306e-01
   2.4405539e+04   4.8128809e-01
   2.4435533e+04   4.8178662e-01
   2.4463947e+04   4.8217127e-01
   2.4493931e+04   4.8265534e-01
   2.4523941e+04   4.8308756e-01
   2.4553974e+04   4.8347552e-01
   2.4583920e+04   4.8392621e-01
   2.4613911e+04   4.8444449e-01
   2.4645354e+04   4.8481033e-01
   2.4676818e+04   4.8525240e-01
   2.4705479e+04   4.8565450e-01
   2.4735403e+04   4.8612503e-01
   2.4765288e+04   4.8661413e-01
   2.4793816e+04   4.8696056e-01
   2.4823892e+04   4.8745518e-01
   2.4853965e+04   4.8791886e-01
   2.4883903e+04   4.8831921e-01
   2.4914093e+04   4.8865444e-01
   2.4944018e+04   4.8918742e-01
   2.4973777e+04   4.8963643e-01
   2.5003916e+04   4.9004786e-01
   2.5033838e+04   4.9043941e-01
   2.5063702e+04   4.9095345e-01
   2.5095307e+04   4.9139170e-01
   2.5125405e+04   4.9169508e-01
   2.5153916e+04   4.9225098e-01
   2.5183967e+04   4.9265535e-01
   2.5213958e+04   4.9303398e-01
   2.5245314e+04   4.9349544e-01
   2.5275155e+04   4.9393005e-01
   2.5303698e+04   4.9429933e-01
   2.5333747e+04   4.9477178e-01
   2.5363704e+04   4.9526478e-01
   2.5393763e+04   4.9569350e-01
   2.5423815e+04   4.9608355e-01
   2.5455344e+04   4.9656025e-01
   2.5485260e+04   4.9689815e-01
   2.5513698e+04   4.9739019e-01
   2.5543565e+04   4.9780634e-01
   2.5573601e+04   4.9822332e-01
   2.5603730e+04   4.9864712e-01
   2.5633667e+04   4.9905799e-01
   2.5663569e+04   4.9955836e-01
   2.5693559e+04   4.9992524e-01
   2.5723494e+04   5.0033202e-01
   2.5753410e+04   5.0081008e-01
   2.5783479e+04   5.0126866e-01
   2.5813553e+04   5.0155542e-01
   2.5843617e+04   5.0206189e-01
   2.5873539e+04   5.0249079e-01
   2.5903531e+04   5.0294533e-01
   2.5933570e+04   5.0336845e-01
   2.5963586e+04   5.0371972e-01
   2.5993435e+04   5.0412941e-01
   2.6023314e+04   5.0452066e-01
   2.6053481e+04   5.0498345e-01
   2.6083744e+04   5.0543134e-01
   2.6113772e+04   5.0587422e-01
   2.6143595e+04   5.0619024e-01
   2.6173490e+04   5.0669307e-01
   2.6203592e+04   5.0714064e-01
   2.6233653e+04   5.0754556e-01
   2.6263427e+04   5.0805002e-01
   2.6293463e+04   5.0838564e-01
   2.6323486e+04   5.0878765e-01
   2.6353457e+04   5.0921860e-01
   2.6383566e+04   5.0957089e-01
   2.6413608e+04   5.1007506e-01
   2.6443455e+04   5.1042483e-01
   2.6473378e+04   5.1086695e-01
   2.6503468e+04   5.1136813e-01
   2.6533273e+04   5.1171320e-01
   2.6563088e+04   5.1213157e-01
   2.6593119e+04   5.1251742e-01
   2.6624652e+04   5.1303531e-01
   2.6654580e+04   5.1334154e-01
   2.6681605e+04   5.1384351e-01
   2.6711483e+04   5.1425957e-01
   2.6742914e+04   5.1465930e-01
   2.6773090e+04   5.1512737e-01
   2.6803104e+04   5.1546510e-01
   2.6833083e+04   5.1587996e-01
   2.6863072e+04   5.1632167e-01
   2.6893167e+04   5.1669469e-01
   2.6923194e+04   5.1720562e-01
   2.6953145e+04   5.1746370e-01
   2.6983163e+04   5.1791355e-01
   2.7013153e+04   5.1837763e-01
   2.7043107e+04   5.1877553e-01
   2.7073131e+04   5.1912224e-01
   2.7103089e+04   5.1951992e-01
   2.7133024e+04   5.1989096e-01
   2.7163072e+04   5.2042194e-01
   2.7193056e+04   5.2079265e-01
   2.7223023e+04   5.2125438e-01
   2.7253035e+04   5.2164646e-01
   2.7281575e+04   5.2203705e-01
   2.7311590e+04   5.2242722e-01
   2.7341578e+04   5.2280537e-01
   2.7371538e+04   5.2328138e-01
   2.7403020e+04   5.2369417e-01
   2.7432911e+04   5.2403597e-01
   2.7462842e+04   5.2448528e-01
   2.7491351e+04   5.2483005e-01
   2.7521441e+04   5.2529794e-01
   2.7552949e+04   5.2572658e-01
   2.7582859e+04   5.2607178e-01
   2.7612928e+04   5.2647068e-01
   2.7641379e+04   5.2685846e-01
   2.7671398e+04   5.2728803e-01
   2.7701415e+04   5.2769343e-01
   2.7731282e+04   5.2812512e-01
   2.7761235e+04   5.2852444e-01
   2.7791262e+04   5.2893825e-01
   2.7821274e+04   5.2932473e-01
   2.7851271e+04   5.2974225e-01
   2.7881290e+04   5.3004872e-01
   2.7911283e+04   5.3054380e-01
   2.7941083e+04   5.3093112e-01
   2.7971067e+04   5.3134469e-01
   2.8001282e+04   5.3173509e-01
   2.8029785e+04   5.3212516e-01
   2.8061262e+04   5.3245390e-01
   2.8092742e+04   5.3294570e-01
   2.8121236e+04   5.3340894e-01
   2.8149802e+04   5.3373374e-01
   2.8179788e+04   5.3407776e-01
   2.8209737e+04   5.3453790e-01
   2.8241216e+04   5.3487862e-01
   2.8272757e+04   5.3539246e-01
   2.8301300e+04   5.3563100e-01
   2.8329806e+04   5.3614362e-01
   2.8359854e+04   5.3656187e-01
   2.8389874e+04   5.3694623e-01
   2.8419779e+04   5.3733385e-01
   2.8449700e+04   5.3767928e-01
   2.8481266e+04   5.3803330e-01
   2.8511306e+04   5.3839967e-01
   2.8539767e+04   5.3897641e-01
   2.8569786e+04   5.3920446e-01
   2.8599756e+04   5.3967139e-01
   2.8629766e+04   5.4001488e-01
   2.8659909e+04   5.4045730e-01
   2.8689963e+04   5.4080634e-01
   2.8719740e+04   5.4124910e-01
   2.8749579e+04   5.4174091e-01
   2.8779672e+04   5.4193427e-01
   2.8809698e+04   5.4242479e-01
   2.8839660e+04   5.4272834e-01
   2.8869551e+04   5.4324520e-01
   2.8899659e+04   5.4358334e-01
   2.8929850e+04   5.4397823e-01
   2.8961232e+04   5.4440432e-01
   2.8991142e+04   5.4476376e-01
   2.9019637e+04   5.4511128e-01
   2.9051096e+04   5.4554137e-01
   2.9081105e+04   5.4591451e-01
   2.9109633e+04   5.4630700e-01
   2.9139630e+04   5.4664452e-01
   2.9169703e+04   5.4712784e-01
   2.9199604e+04   5.4741475e-01
   2.9229444e+04   5.4785616e-01
   2.9259380e+04   5.4825779e-01
   2.9289326e+04   5.4862837e-01
   2.9319343e+04   5.4901895e-01
   2.9349271e+04   5.4934919e-01
   2.9379298e+04   5.4973249e-01
   2.9409406e+04   5.5016918e-01
   2.9439376e+04   5.5053569e-01
   2.9469383e+04   5.5089761e-01
   2.9499516e+04   5.5129927e-01
   2.9529600e+04   5.5170319e-01
   2.9559479e+04   5.5209871e-01
   2.9589319e+04   5.5242246e-01
   2.9619376e+04   5.5281987e-01
   2.9649278e+04   5.5322836e-01
   2.9679250e+04   5.5365753e-01
   2.9709397e+04   5.5390069e-01
   2.9739321e+04   5.5441059e-01
   2.9770728e+04   5.5479096e-01
   2.9800693e+04   5.5511202e-01
   2.9829247e+04   5.5551161e-01
   2.9859317e+04   5.5584406e-01
   2.9889326e+04   5.5626863e-01
   2.9919260e+04   5.5668502e-01
   2.9949229e+04   5.5705359e-01
   2.9979364e+04   5.5736921e-01
   3.0009189e+04   5.5773048e-01
   3.0039018e+04   5.5823042e-01
   3.0069108e+04   5.5853693e-01
   3.0098914e+04   5.5895362e-01
   3.0128827e+04   5.5922429e-01
   3.0158877e+04   5.5965291e-01
   3.0188861e+04   5.5997487e-01
   3.0218802e+04   5.6036154e-01
   3.0248704e+04   5.6075371e-01
   3.0278812e+04   5.6114450e-01
   3.0308857e+04   5.6157060e-01
   3.0337255e+04   5.6193970e-01
   3.0367314e+04   5.6226462e-01
   3.0398849e+04   5.6265275e-01
   3.0428783e+04   5.6309313e-01
   3.0458790e+04   5.6341123e-01
   3.0488810e+04   5.6374724e-01
   3.0518812e+04   5.6420727e-01
   3.0548815e+04   5.6448754e-01
   3.0578880e+04   5.6485577e-01
   3.0608842e+04   5.6520469e-01
   3.0638761e+04   5.6563793e-01
   3.0668814e+04   5.6599614e-01
   3.0698910e+04   5.6639012e-01
   3.0728885e+04   5.6680478e-01
   3.0758791e+04   5.6713169e-01
   3.0788780e+04   5.6750185e-01
   3.0818804e+04   5.6792545e-01
   3.0848776e+04   5.6826815e-01
   3.0878729e+04   5.6854200e-01
   3.0908732e+04   5.6888314e-01
   3.0937278e+04   5.6932107e-01
   3.0967140e+04   5.6971678e-01
   3.0998514e+04   5.7009212e-01
   3.1028547e+04   5.7044205e-01
   3.1058576e+04   5.7074463e-01
   3.1088562e+04   5.7118796e-01
   3.1117232e+04   5.7153195e-01
   3.1147279e+04   5.7188176e-01
   3.1178506e+04   5.7218807e-01
   3.1208448e+04   5.7261887e-01
   3.1236902e+04   5.7293215e-01
   3.1267011e+04   5.7337928e-01
   3.1298583e+04   5.7369001e-01
   3.1328500e+04   5.7415112e-01
   3.1358520e+04   5.7437696e-01
   3.1388513e+04   5.7479912e-01
   3.1416983e+04   5.7524929e-01
   3.1447004e+04   5.7552707e-01
   3.1476985e+04   5.7592993e-01
   3.1505427e+04   5.7623989e-01
   3.1535386e+04   5.7668800e-01
   3.1565409e+04   5.7696744e-01
   3.1596931e+04   5.7728862e-01
   3.1626956e+04   5.7771308e-01
   3.1656963e+04   5.7812140e-01
   3.1688432e+04   5.7847923e-01
   3.1716907e+04   5.7872702e-01
   3.1745351e+04   5.7907208e-01
   3.1775342e+04   5.7961945e-01
   3.1806869e+04   5.7985119e-01
   3.1838433e+04   5.8021662e-01
   3.1866987e+04   5.8061566e-01
   3.1895541e+04   5.8087632e-01
   3.1925555e+04   5.8127313e-01
   3.1957051e+04   5.8168628e-01
   3.1988423e+04   5.8196000e-01
   3.2016882e+04   5.8238141e-01
   3.2045500e+04   5.8267309e-01
   3.2075459e+04   5.8309539e-01
   3.2105391e+04   5.8350556e-01
   3.2136983e+04   5.8373721e-01
   3.2166988e+04   5.8406566e-01
   3.2197009e+04   5.8453437e-01
   3.2227063e+04   5.8495186e-01
   3.2255489e+04   5.8529814e-01
   3.2285556e+04   5.8551543e-01
   3.2315647e+04   5.8592071e-01
   3.2345548e+04   5.8628966e-01
   3.2375409e+04   5.8665133e-01
   3.2405568e+04   5.8701727e-01
   3.2437145e+04   5.8735048e-01
   3.2466962e+04   5.8768618e-01
   3.2495447e+04   5.8799750e-01
   3.2525471e+04   5.8838281e-01
   3.2555411e+04   5.8870572e-01
   3.2585620e+04   5.8904871e-01
   3.2615628e+04   5.8948110e-01
   3.2645392e+04   5.8982366e-01
   3.2675331e+04   5.9017130e-01
   3.2705351e+04   5.9044621e-01
   3.2735349e+04   5.9096152e-01
   3.2765241e+04   5.9110253e-01
   3.2795238e+04   5.9151136e-01
   3.2825270e+04   5.9191615e-01
   3.2855246e+04   5.9224428e-01
   3.2885252e+04   5.9263106e-01
   3.2915123e+04   5.9289251e-01
   3.2945119e+04   5.9322567e-01
   3.2975154e+04   5.9360596e-01
   3.3005086e+04   5.9396676e-01
   3.3035174e+04   5.9438212e-01
   3.3065203e+04   5.9462981e-01
   3.3095193e+04   5.9504838e-01
   3.3125219e+04   5.9527009e-01
   3.3155320e+04   5.9576559e-01
   3.3185158e+04   5.9603068e-01
   3.3215047e+04   5.9636938e-01
   3.3245230e+04   5.9670723e-01
   3.3275232e+04   5.9712760e-01
   3.3305135e+04   5.9742770e-01
   3.3335084e+04   5.9778663e-01
   3.3365068e+04   5.9803931e-01
   3.3395035e+04   5.9841054e-01
   3.3425158e+04   5.9870389e-01
   3.3455258e+04   5.9904562e-01
   3.3485166e+04   5.9942640e-01
   3.3515160e+04   5.9975225e-01
   3.3545078e+04   6.0016140e-01
   3.3574994e+04   6.0045612e-01
   3.3605211e+04   6.0073684e-01
   3.3635078e+04   6.0118992e-01
   3.3664707e+04   6.0154808e-01
   3.3694773e+04   6.0188710e-01
   3.3726297e+04   6.0222985e-01
   3.3756203e+04   6.0251434e-01
   3.3784723e+04   6.0284429e-01
   3.3814754e+04   6.0324264e-01
   3.3844723e+04   6.0352093e-01
   3.3874670e+04   6.0389199e-01
   3.3904686e+04   6.0413712e-01
   3.3934703e+04   6.0457841e-01
   3.3964703e+04   6.0486965e-01
   3.3994723e+04   6.0519828e-01
   3.4024689e+04   6.0558566e-01
   3.4054717e+04   6.0596175e-01
   3.4084742e+04   6.0621720e-01
   3.4114646e+04   6.0654281e-01
   3.4144729e+04   6.0699042e-01
   3.4174748e+04   6.0721448e-01
   3.4204674e+04   6.0752735e-01
   3.4234580e+04   6.0786218e-01
   3.4264500e+04   6.0824746e-01
   3.4294518e+04   6.0862275e-01
   3.4326131e+04   6.0883374e-01
   3.4356215e+04   6.0917467e-01
   3.4384580e+04   6.0958017e-01
   3.4414547e+04   6.0987305e-01
   3.4444572e+04   6.1029631e-01
   3.4474521e+04   6.1054297e-01
   3.4504510e+04   6.1084226e-01
   3.4534486e+04   6.1124702e-01
   3.4564438e+04   6.1162758e-01
   3.4594422e+04   6.1187708e-01
   3.4624367e+04   6.1211199e-01
   3.4654348e+04   6.1250557e-01
   3.4684396e+04   6.1286572e-01
   3.4714426e+04   6.1325169e-01
   3.4742943e+04   6.1357746e-01
   3.4772906e+04   6.1393170e-01
   3.4804326e+04   6.1417639e-01
   3.4832754e+04   6.1454287e-01
   3.4862764e+04   6.1486739e-01
   3.4892824e+04   6.1513679e-01
   3.4922850e+04   6.1542052e-01
   3.4954350e+04   6.1582902e-01
   3.4982840e+04   6.1615960e-01
   3.5012844e+04   6.1646410e-01
   3.5042828e+04   6.1685526e-01
   3.5071275e+04   6.1706041e-01
   3.5102770e+04   6.1743662e-01
   3.5132814e+04   6.1783144e-01
   3.5161293e+04   6.1809272e-01
   3.5192748e+04   6.1851239e-01
   3.5222730e+04   6.1870398e-01
   3.5251264e+04   6.1906281e-01
   3.5281305e+04   6.1945990e-01
   3.5311258e+04   6.1969505e-01
   3.5341145e+04   6.1997431e-01
   3.5371123e+04   6.2039630e-01
   3.5401346e+04   6.2082684e-01
   3.5431463e+04   6.2106090e-01
   3.5462947e+04   6.2137428e-01
   3.5494406e+04   6.2160862e-01
   3.5522889e+04   6.2199457e-01
   3.5552900e+04   6.2240238e-01
   3.5582928e+04   6.2275897e-01
   3.5611447e+04   6.2290581e-01
   3.5642861e+04   6.2332263e-01
   3.5672859e+04   6.2363325e-01
   3.5701373e+04   6.2390202e-01
   3.5732879e+04   6.2426660e-01
   3.5762908e+04   6.2451122e-01
   3.5791447e+04   6.2497158e-01
   3.5821432e+04   6.2510824e-01
   3.5851357e+04   6.2550748e-01
   3.5881318e+04   6.2589334e-01
   3.5911369e+04   6.2623039e-01
   3.5941387e+04   6.2645074e-01
   3.5972807e+04   6.2678007e-01
   3.6002811e+04   6.2705272e-01
   3.6031307e+04   6.2738952e-01
   3.6061277e+04   6.2772161e-01
   3.6091326e+04   6.2802861e-01
   3.6121318e+04   6.2833562e-01
   3.6152746e+04   6.2870508e-01
   3.6184268e+04   6.2905307e-01
   3.6212816e+04   6.2919041e-01
   3.6241342e+04   6.2960618e-01
   3.6271256e+04   6.2984413e-01
   3.6301141e+04   6.3028098e-01
   3.6331137e+04   6.3057783e-01
   3.6361111e+04   6.3083426e-01
   3.6391047e+04   6.3115968e-01
   3.6421045e+04   6.3156250e-01
   3.6451049e+04   6.3175820e-01
   3.6481070e+04   6.3211643e-01
   3.6511020e+04   6.3240050e-01
   3.6540895e+04   6.3285529e-01
   3.6570951e+04   6.3300696e-01
   3.6601018e+04   6.3342463e-01
   3.6630982e+04   6.3368279e-01
   3.6660980e+04   6.3397078e-01
   3.6690965e+04   6.3435579e-01
   3.6720928e+04   6.3467916e-01
   3.6750992e+04   6.3493242e-01
   3.6781037e+04   6.3528923e-01
   3.6810998e+04   6.3549294e-01
   3.6840990e+04   6.3584505e-01
   3.6871047e+04   6.3625099e-01
   3.6900988e+04   6.3652414e-01
   3.6930902e+04   6.3673697e-01
   3.6960924e+04   6.3708072e-01
   3.6990881e+04   6.3733265e-01
   3.7020846e+04   6.3764849e-01
   3.7050904e+04   6.3803569e-01
   3.7080924e+04   6.3827365e-01
   3.7110879e+04   6.3864857e-01
   3.7140904e+04   6.3892811e-01
   3.7170805e+04   6.3922120e-01
   3.7200607e+04   6.3960664e-01
   3.7230537e+04   6.3977834e-01
   3.7260594e+04   6.4011393e-01
   3.7290658e+04   6.4044572e-01
   3.7320658e+04   6.4071682e-01
   3.7350637e+04   6.4116760e-01
   3.7380572e+04   6.4129844e-01
   3.7410576e+04   6.4156328e-01
   3.7440564e+04   6.4200430e-01
   3.7470504e+04   6.4227741e-01
   3.7500434e+04   6.4249238e-01
   3.7530451e+04   6.4287871e-01
   3.7560451e+04   6.4306891e-01
   3.7590457e+04   6.4350397e-01
   3.7620498e+04   6.4379664e-01
   3.7650465e+04   6.4411232e-01
   3.7680504e+04   6.4441624e-01
   3.7710490e+04   6.4473957e-01
   3.7740463e+04   6.4500192e-01
   3.7770512e+04   6.4530030e-01
   3.7800535e+04   6.4552181e-01
   3.7830486e+04   6.4590017e-01
   3.7860482e+04   6.4621558e-01
   3.7890430e+04   6.4647327e-01
   3.7920303e+04   6.4694729e-01
   3.7950354e+04   6.4710011e-01
   3.7980424e+04   6.4733071e-01
   3.8010410e+04   6.4764612e-01
   3.8040332e+04   6.4798200e-01
   3.8070223e+04   6.4835891e-01
   3.8100223e+04   6.4858633e-01
   3.8130234e+04   6.4884077e-01
   3.8160197e+04   6.4916723e-01
   3.8190234e+04   6.4935221e-01
   3.8220238e+04   6.4962416e-01
   3.8250229e+04   6.5012521e-01
   3.8280229e+04   6.5037189e-01
   3.8310143e+04   6.5059813e-01
   3.8340080e+04   6.5102256e-01
   3.8370094e+04   6.5112703e-01
   3.8400088e+04   6.5159671e-01
   3.8430131e+04   6.5195405e-01
   3.8458674e+04   6.5213688e-01
   3.8488715e+04   6.5230909e-01
   3.8520248e+04   6.5272827e-01
   3.8550180e+04   6.5293446e-01
   3.8580158e+04   6.5331641e-01
   3.8610143e+04   6.5358723e-01
   3.8640129e+04   6.5391333e-01
   3.8670113e+04   6.5410825e-01
   3.8698586e+04   6.5443851e-01
   3.8728539e+04   6.5471541e-01
   3.8760064e+04   6.5505390e-01
   3.8788615e+04   6.5530108e-01
   3.8817090e+04   6.5556689e-01
   3.8848559e+04   6.5582548e-01
   3.8878500e+04   6.5608745e-01
   3.8907016e+04   6.5655580e-01
   3.8938568e+04   6.5670859e-01
   3.8968566e+04   6.5706043e-01
   3.8997076e+04   6.5740538e-01
   3.9028549e+04   6.5764372e-01
   3.9058518e+04   6.5797255e-01
   3.9087072e+04   6.5823276e-01
   3.9117104e+04   6.5850473e-01
   3.9148547e+04   6.5874312e-01
   3.9178453e+04   6.5912033e-01
   3.9206928e+04   6.5940185e-01
   3.9236988e+04   6.5978423e-01
   3.9266975e+04   6.5986303e-01
   3.9298447e+04   6.6021333e-01
   3.9328467e+04   6.6048849e-01
   3.9356963e+04   6.6080573e-01
   3.9386982e+04   6.6095086e-01
   3.9417027e+04   6.6143310e-01
   3.9448479e+04   6.6157527e-01
   3.9479986e+04   6.6204882e-01
   3.9508531e+04   6.6225295e-01
   3.9538490e+04   6.6247889e-01
   3.9568424e+04   6.6278500e-01
   3.9598367e+04   6.6308622e-01
   3.9628391e+04   6.6339774e-01
   3.9656885e+04   6.6366231e-01
   3.9686883e+04   6.6391079e-01
   3.9716881e+04   6.6420648e-01
   3.9746889e+04   6.6439795e-01
   3.9776820e+04   6.6472783e-01
   3.9806816e+04   6.6503411e-01
   3.9838361e+04   6.6532372e-01
   3.9869801e+04   6.6563479e-01
   3.9898260e+04   6.6577861e-01
   3.9926717e+04   6.6621545e-01
   3.9956709e+04   6.6641894e-01
   3.9986576e+04   6.6677511e-01
   4.0016504e+04   6.6712509e-01
   4.0046512e+04   6.6718859e-01
   4.0076439e+04   6.6758626e-01
   4.0106482e+04   6.6784839e-01
   4.0136473e+04   6.6809756e-01
   4.0166459e+04   6.6836155e-01
   4.0196477e+04   6.6863060e-01
   4.0226475e+04   6.6901009e-01
   4.0256539e+04   6.6922441e-01
   4.0286566e+04   6.6953154e-01
   4.0316588e+04   6.6974143e-01
   4.0346600e+04   6.6997157e-01
   4.0376553e+04   6.7038419e-01
   4.0406508e+04   6.7055618e-01
   4.0436504e+04   6.7078837e-01
   4.0466480e+04   6.7118375e-01
   4.0496414e+04   6.7139711e-01
   4.0526438e+04   6.7174581e-01
   4.0556467e+04   6.7204864e-01
   4.0586387e+04   6.7235426e-01
   4.0616361e+04   6.7246692e-01
   4.0646373e+04   6.7273525e-01
   4.0676445e+04   6.7305526e-01
   4.0706348e+04   6.7338286e-01
   4.0736162e+04   6.7363616e-01
   4.0766117e+04   6.7392598e-01
   4.0796115e+04   6.7423441e-01
   4.0826145e+04   6.7438729e-01
   4.0856092e+04   6.7472133e-01
   4.0886088e+04   6.7498645e-01
   4.0917559e+04   6.7529456e-01
   4.0947514e+04   6.7556255e-01
   4.0976053e+04   6.7591999e-01
   4.1006057e+04   6.7613588e-01
   4.1035998e+04   6.7641308e-01
   4.1066025e+04   6.7660126e-01
   4.1096031e+04   6.7695643e-01
   4.1125969e+04   6.7713835e-01
   4.1155975e+04   6.7743281e-01
   4.1186025e+04   6.7766599e-01
   4.1216088e+04   6.7805573e-01
   4.1246014e+04   6.7825202e-01
   4.1275945e+04   6.7856003e-01
   4.1305951e+04   6.7871987e-01
   4.1336016e+04   6.7901785e-01
   4.1366023e+04   6.7928453e-01
   4.1395932e+04   6.7948899e-01
   4.1425896e+04   6.7987092e-01
   4.1455912e+04   6.8007405e-01
   4.1485963e+04   6.8032147e-01
   4.1515943e+04   6.8063799e-01
   4.1545928e+04   6.8092135e-01
   4.1935742e+04   6.8795145e-01
   4.2325564e+04   6.8830718e-01
   4.2354070e+04   6.8848618e-01
   4.2382543e+04   6.8876865e-01
   4.2412518e+04   6.8899627e-01
   4.2442500e+04   6.8931530e-01
   4.2474061e+04   6.8955373e-01
   4.2505615e+04   6.8983120e-01
   4.2535676e+04   6.9001231e-01
   4.2565697e+04   6.9029488e-01
   4.2595621e+04   6.9059854e-01
   4.2625559e+04   6.9079033e-01
   4.2654102e+04   6.9112263e-01
   4.2684129e+04   6.9130624e-01
   4.2714107e+04   6.9158460e-01
   4.2742600e+04   6.9184034e-01
   4.2774088e+04   6.9208054e-01
   4.2805557e+04   6.9227616e-01
   4.2833996e+04   6.9266320e-01
   4.2864000e+04   6.9276632e-01
   4.2895510e+04   6.9316411e-01
   4.2925535e+04   6.9336796e-01
   4.2954088e+04   6.9355851e-01
   4.2982582e+04   6.9380139e-01
   4.3012600e+04   6.9421001e-01
   4.3044055e+04   6.9433074e-01
   4.3073982e+04   6.9468654e-01
   4.3102525e+04   6.9493870e-01
   4.3132529e+04   6.9523777e-01
   4.3162492e+04   6.9542034e-01
   4.3192504e+04   6.9559131e-01
   4.3223988e+04   6.9598694e-01
   4.3255463e+04   6.9602843e-01
   4.3285486e+04   6.9645583e-01
   4.3313941e+04   6.9670313e-01
   4.3343863e+04   6.9684449e-01
   4.3373787e+04   6.9719814e-01
   4.3402297e+04   6.9749791e-01
   4.3432379e+04   6.9770126e-01
   4.3463875e+04   6.9794138e-01
   4.3493818e+04   6.9815956e-01
   4.3522314e+04   6.9843666e-01
   4.3552312e+04   6.9866182e-01
   4.3582270e+04   6.9898926e-01
   4.3612295e+04   6.9920380e-01
   4.3642355e+04   6.9930271e-01
   4.3672336e+04   6.9968688e-01
   4.3702271e+04   7.0010497e-01
   4.3732285e+04   7.0021733e-01
   4.3762342e+04   7.0028724e-01
   4.3792289e+04   7.0068463e-01
   4.3822225e+04   7.0095156e-01
   4.3852281e+04   7.0116050e-01
   4.3882287e+04   7.0148558e-01
   4.3912209e+04   7.0164845e-01
   4.3942189e+04   7.0197237e-01
   4.3972197e+04   7.0197445e-01
   4.4002242e+04   7.0238735e-01
   4.4032273e+04   7.0257760e-01
   4.4062252e+04   7.0301441e-01
   4.4093729e+04   7.0320764e-01
   4.4123695e+04   7.0339056e-01
   4.4152168e+04   7.0368502e-01
   4.4182127e+04   7.0384906e-01
   4.4212119e+04   7.0422177e-01
   4.4242016e+04   7.0431419e-01
   4.4271916e+04   7.0482824e-01
   4.4301885e+04   7.0488327e-01
   4.4331857e+04   7.0511525e-01
   4.4361832e+04   7.0535428e-01
   4.4391859e+04   7.0541895e-01
   4.4421844e+04   7.0592584e-01
   4.4451801e+04   7.0611982e-01
   4.4481812e+04   7.0635439e-01
   4.4511828e+04   7.0648174e-01
   4.4541811e+04   7.0668197e-01
   4.4571748e+04   7.0708977e-01
   4.4601779e+04   7.0730795e-01
   4.4631748e+04   7.0753631e-01
   4.4661740e+04   7.0766299e-01
   4.4691752e+04   7.0798246e-01
   4.4721693e+04   7.0831381e-01
   4.4751709e+04   7.0829191e-01
   4.4781768e+04   7.0872068e-01
   4.4811732e+04   7.0889897e-01
   4.4841676e+04   7.0928329e-01
   4.4871627e+04   7.0946635e-01
   4.4901660e+04   7.0971624e-01
   4.4931674e+04   7.0993960e-01
   4.4961648e+04   7.1024939e-01
   4.4991695e+04   7.1035488e-01
   4.5021654e+04   7.1065243e-01
   4.5051598e+04   7.1082017e-01
   4.5081621e+04   7.1106402e-01
   4.5111691e+04   7.1143569e-01
   4.5141615e+04   7.1163473e-01
   4.5171504e+04   7.1184482e-01
   4.5201535e+04   7.1212944e-01
   4.5231486e+04   7.1233920e-01
   4.5261461e+04   7.1253228e-01
   4.5291486e+04   7.1278495e-01
   4.5321424e+04   7.1298215e-01
   4.5351385e+04   7.1325379e-01
   4.5381400e+04   7.1354386e-01
   4.5411412e+04   7.1380086e-01
   4.5441420e+04   7.1399239e-01
   4.5471354e+04   7.1426071e-01
   4.5501355e+04   7.1441091e-01
   4.5531426e+04   7.1463681e-01
   4.5561365e+04   7.1490645e-01
   4.5591361e+04   7.1512580e-01
   4.5621395e+04   7.1537427e-01
   4.5649889e+04   7.1559674e-01
   4.5679910e+04   7.1584822e-01
   4.5711371e+04   7.1598750e-01
   4.5741336e+04   7.1628427e-01
   4.5771328e+04   7.1650408e-01
   4.5801303e+04   7.1678698e-01
   4.5831301e+04   7.1718679e-01
   4.5861311e+04   7.1722805e-01
   4.5891318e+04   7.1747671e-01
   4.5921285e+04   7.1763503e-01
   4.5951307e+04   7.1808563e-01
   4.5981291e+04   7.1827021e-01
   4.6009859e+04   7.1847976e-01
   4.6038543e+04   7.1871793e-01
   4.6070094e+04   7.1884022e-01
   4.6101598e+04   7.1908351e-01
   4.6131592e+04   7.1931940e-01
   4.6161586e+04   7.1956925e-01
   4.6191584e+04   7.1983359e-01
   4.6220051e+04   7.2000756e-01
   4.6250006e+04   7.2028214e-01
   4.6279979e+04   7.2057592e-01
   4.6309967e+04   7.2070430e-01
   4.6341463e+04   7.2102880e-01
   4.6369957e+04   7.2114736e-01
   4.6399955e+04   7.2157724e-01
   4.6431473e+04   7.2160258e-01
   4.6461477e+04   7.2194797e-01
   4.6491490e+04   7.2203936e-01
   4.6520027e+04   7.2236777e-01
   4.6550031e+04   7.2247596e-01
   4.6581467e+04   7.2283112e-01
   4.6611465e+04   7.2296434e-01
   4.6641465e+04   7.2333830e-01
   4.6669934e+04   7.2341644e-01
   4.6698430e+04   7.2378330e-01
   4.6729939e+04   7.2380023e-01
   4.6761479e+04   7.2421501e-01
   4.6789900e+04   7.2439349e-01
   4.6818328e+04   7.2456174e-01
   4.6848328e+04   7.2497775e-01
   4.6878332e+04   7.2500316e-01
   4.6909758e+04   7.2525695e-01
   4.6939711e+04   7.2558778e-01
   4.6968188e+04   7.2583665e-01
   4.6999654e+04   7.2597550e-01
   4.7029711e+04   7.2612605e-01
   4.7058221e+04   7.2629170e-01
   4.7088189e+04   7.2660168e-01
   4.7118146e+04   7.2687350e-01
   4.7148102e+04   7.2701729e-01
   4.7178131e+04   7.2734320e-01
   4.7209691e+04   7.2746607e-01
   4.7241168e+04   7.2779367e-01
   4.7269586e+04   7.2790302e-01
   4.7299531e+04   7.2815511e-01
   4.7331051e+04   7.2845914e-01
   4.7361125e+04   7.2862571e-01
   4.7389641e+04   7.2890072e-01
   4.7418117e+04   7.2894401e-01
   4.7448094e+04   7.2938970e-01
   4.7478090e+04   7.2959255e-01
   4.7509562e+04   7.2966415e-01
   4.7539607e+04   7.2998621e-01
   4.7568145e+04   7.3016728e-01
   4.7598123e+04   7.3045242e-01
   4.7628066e+04   7.3066389e-01
   4.7658047e+04   7.3081107e-01
   4.7688096e+04   7.3108132e-01
   4.7718045e+04   7.3130577e-01
   4.7748018e+04   7.3150654e-01
   4.7777883e+04   7.3182504e-01
   4.7807730e+04   7.3204717e-01
   4.7837771e+04   7.3214120e-01
   4.7867770e+04   7.3232978e-01
   4.7897684e+04   7.3256365e-01
   4.7927670e+04   7.3283125e-01
   4.7957654e+04   7.3294107e-01
   4.7987676e+04   7.3322204e-01
   4.8017684e+04   7.3353248e-01
   4.8047682e+04   7.3364177e-01
   4.8077674e+04   7.3392118e-01
   4.8107619e+04   7.3409737e-01
   4.8137621e+04   7.3429693e-01
   4.8167629e+04   7.3457415e-01
   4.8197633e+04   7.3485660e-01
   4.8227635e+04   7.3487524e-01
   4.8257650e+04   7.3530884e-01
   4.8287648e+04   7.3538848e-01
   4.8317602e+04   7.3572332e-01
   4.8347559e+04   7.3584197e-01
   4.8377541e+04   7.3609732e-01
   4.8407568e+04   7.3639223e-01
   4.8437578e+04   7.3651006e-01
   4.8467537e+04   7.3666778e-01
   4.8497543e+04   7.3693110e-01
   4.8527537e+04   7.3711417e-01
   4.8557508e+04   7.3739289e-01
   4.8587543e+04   7.3763427e-01
   4.8617566e+04   7.3774752e-01
   4.8647594e+04   7.3805042e-01
   4.8677514e+04   7.3814319e-01
   4.8707338e+04   7.3849420e-01
   4.8737297e+04   7.3850309e-01
   4.8767348e+04   7.3878395e-01
   4.8797307e+04   7.3902814e-01
   4.8827328e+04   7.3932039e-01
   4.8857400e+04   7.3949155e-01
   4.8887363e+04   7.3967764e-01
   4.8917314e+04   7.3989934e-01
   4.8947295e+04   7.4016064e-01
   4.8977314e+04   7.4034466e-01
   4.9007289e+04   7.4045878e-01
   4.9037270e+04   7.4076277e-01
   4.9067291e+04   7.4090344e-01
   4.9097314e+04   7.4117009e-01
   4.9127314e+04   7.4134000e-01
   4.9157281e+04   7.4158025e-01
   4.9187270e+04   7.4182552e-01
   4.9217219e+04   7.4199379e-01
   4.9247234e+04   7.4223915e-01
   4.9277270e+04   7.4243532e-01
   4.9307277e+04   7.4266016e-01
   4.9337303e+04   7.4290673e-01
   4.9367283e+04   7.4300847e-01
   4.9397227e+04   7.4322059e-01
   4.9427211e+04   7.4348870e-01
   4.9457266e+04   7.4368266e-01
   4.9487283e+04   7.4387748e-01
   4.9517188e+04   7.4405368e-01
   4.9547238e+04   7.4423846e-01
   4.9577439e+04   7.4441129e-01
   4.9607451e+04   7.4472353e-01
   4.9637439e+04   7.4503374e-01
   4.9667469e+04   7.4517240e-01
   4.9695982e+04   7.4534188e-01
   4.9724473e+04   7.4559066e-01
   4.9755902e+04   7.4570116e-01
   4.9787398e+04   7.4596446e-01
   4.9815891e+04   7.4608571e-01
   4.9845852e+04   7.4633081e-01
   4.9875852e+04   7.4666822e-01
   4.9905820e+04   7.4674080e-01
   4.9937328e+04   7.4691513e-01
   4.9967350e+04   7.4720168e-01
   4.9997340e+04   7.4725997e-01
   5.0025834e+04   7.4749649e-01
   5.0055885e+04   7.4790028e-01
   5.0085930e+04   7.4798100e-01
   5.0114393e+04   7.4808794e-01
   5.0144369e+04   7.4839020e-01
   5.0175877e+04   7.4861713e-01
   5.0205850e+04   7.4882971e-01
   5.0235789e+04   7.4900512e-01
   5.0267254e+04   7.4919008e-01
   5.0295791e+04   7.4943916e-01
   5.0324316e+04   7.4975434e-01
   5.0355809e+04   7.4979119e-01
   5.0385811e+04   7.5006967e-01
   5.0414293e+04   7.5027008e-01
   5.0445771e+04   7.5042783e-01
   5.0477215e+04   7.5060101e-01
   5.0505646e+04   7.5092975e-01
   5.0534113e+04   7.5106010e-01
   5.0564086e+04   7.5124022e-01
   5.0594078e+04   7.5146434e-01
   5.0625582e+04   7.5163099e-01
   5.0655613e+04   7.5173582e-01
   5.0684102e+04   7.5197759e-01
   5.0714061e+04   7.5225802e-01
   5.0744061e+04   7.5250280e-01
   5.0777047e+04   7.5255553e-01
   5.0808537e+04   7.5275122e-01
   5.0837035e+04   7.5299761e-01
   5.0865547e+04   7.5324621e-01
   5.0894078e+04   7.5337061e-01
   5.0924072e+04   7.5357167e-01
   5.0954064e+04   7.5391144e-01
   5.0984049e+04   7.5397424e-01
   5.1014021e+04   7.5421618e-01
   5.1044010e+04   7.5425511e-01
   5.1073971e+04   7.5474524e-01
   5.1105426e+04   7.5471685e-01
   5.1135350e+04   7.5504969e-01
   5.1163861e+04   7.5523601e-01
   5.1193930e+04   7.5536196e-01
   5.1223850e+04   7.5564709e-01
   5.1253859e+04   7.5590408e-01
   5.1283975e+04   7.5597641e-01
   5.1313953e+04   7.5622186e-01
   5.1343766e+04   7.5631932e-01
   5.1373646e+04   7.5660805e-01
   5.1403676e+04   7.5681739e-01
   5.1433680e+04   7.5693894e-01
   5.1463650e+04   7.5717280e-01
   5.1493641e+04   7.5729792e-01
   5.1523664e+04   7.5760359e-01
   5.1553598e+04   7.5767074e-01
   5.1583553e+04   7.5797084e-01
   5.1613553e+04   7.5815555e-01
   5.1643559e+04   7.5817840e-01
   5.1673627e+04   7.5853669e-01
   5.1703613e+04   7.5875180e-01
   5.1733584e+04   7.5890593e-01
   5.1763590e+04   7.5922451e-01
   5.1793613e+04   7.5918118e-01
   5.1823684e+04   7.5949289e-01
   5.1853707e+04   7.5977957e-01
   5.1883613e+04   7.5990260e-01
   5.1913559e+04   7.6010666e-01
   5.1943570e+04   7.6019735e-01
   5.1973592e+04   7.6043171e-01
   5.2003545e+04   7.6066341e-01
   5.2033473e+04   7.6086699e-01
   5.2063521e+04   7.6106278e-01
   5.2093533e+04   7.6115796e-01
   5.2123494e+04   7.6134304e-01
   5.2153445e+04   7.6159740e-01
   5.2183459e+04   7.6180787e-01
   5.2213420e+04   7.6197338e-01
   5.2243303e+04   7.6204077e-01
   5.2273283e+04   7.6241432e-01
   5.2304850e+04   7.6257232e-01
   5.2334865e+04   7.6268585e-01
   5.2363305e+04   7.6297300e-01
   5.2393352e+04   7.6315828e-01
   5.2423324e+04   7.6308718e-01
   5.2453174e+04   7.6346740e-01
   5.2483168e+04   7.6369092e-01
   5.2513225e+04   7.6388925e-01
   5.2543236e+04   7.6414354e-01
   5.2573230e+04   7.6414694e-01
   5.2603260e+04   7.6443736e-01
   5.2633215e+04   7.6473916e-01
   5.2663148e+04   7.6479818e-01
   5.2693229e+04   7.6507427e-01
   5.2723309e+04   7.6518710e-01
   5.2753305e+04   7.6526755e-01
   5.2783264e+04   7.6565817e-01
   5.2813258e+04   7.6577695e-01
   5.2843211e+04   7.6595697e-01
   5.2874621e+04   7.6623312e-01
   5.2904615e+04   7.6631595e-01
   5.2933145e+04   7.6643592e-01
   5.2963146e+04   7.6663762e-01
   5.2994629e+04   7.6685025e-01
   5.3024635e+04   7.6707600e-01
   5.3053164e+04   7.6722255e-01
   5.3083174e+04   7.6744797e-01
   5.3113141e+04   7.6772557e-01
   5.3143104e+04   7.6778164e-01
   5.3173117e+04   7.6798785e-01
   5.3203146e+04   7.6809253e-01
   5.3233113e+04   7.6835976e-01
   5.3263084e+04   7.6842040e-01
   5.3293115e+04   7.6874978e-01
   5.3323100e+04   7.6892044e-01
   5.3353107e+04   7.6915763e-01
   5.3383045e+04   7.6932598e-01
   5.3412973e+04   7.6956379e-01
   5.3441496e+04   7.6959864e-01
   5.3471523e+04   7.6978642e-01
   5.3503035e+04   7.7008056e-01
   5.3533041e+04   7.7015569e-01
   5.3563061e+04   7.7038485e-01
   5.3592967e+04   7.7063443e-01
   5.3622961e+04   7.7069666e-01
   5.3653047e+04   7.7087975e-01
   5.3681547e+04   7.7105007e-01
   5.3711537e+04   7.7129098e-01
   5.3743051e+04   7.7139822e-01
   5.3773023e+04   7.7160831e-01
   5.3802982e+04   7.7187090e-01
   5.3831469e+04   7.7207222e-01
   5.3861453e+04   7.7217243e-01
   5.3892973e+04   7.7221475e-01
   5.3921451e+04   7.7257973e-01
   5.3951422e+04   7.7268558e-01
   5.3982846e+04   7.7298803e-01
   5.4012787e+04   7.7308944e-01
   5.4041287e+04   7.7326608e-01
   5.4071232e+04   7.7349897e-01
   5.4101182e+04   7.7362443e-01
   5.4131188e+04   7.7372209e-01
   5.4161215e+04   7.7387205e-01
   5.4189748e+04   7.7419792e-01
   5.4219717e+04   7.7418128e-01
   5.4249639e+04   7.7449308e-01
   5.4279660e+04   7.7481196e-01
   5.4311189e+04   7.7478192e-01
   5.4341156e+04   7.7501824e-01
   5.4371162e+04   7.7534864e-01
   5.4402676e+04   7.7525736e-01
   5.4431133e+04   7.7568297e-01
   5.4461189e+04   7.7577859e-01
   5.4491221e+04   7.7595479e-01
   5.4521215e+04   7.7605196e-01
   5.4551260e+04   7.7635550e-01
   5.4581268e+04   7.7650987e-01
   5.4612719e+04   7.7661152e-01
   5.4641145e+04   7.7680447e-01
   5.4669590e+04   7.7708845e-01
   5.4701035e+04   7.7717312e-01
   5.4731076e+04   7.7733601e-01
   5.4759590e+04   7.7762064e-01
   5.4789533e+04   7.7768569e-01
   5.4819539e+04   7.7790361e-01
   5.4849602e+04   7.7803791e-01
   5.4879467e+04   7.7827216e-01
   5.4910721e+04   7.7847837e-01
   5.4940756e+04   7.7867274e-01
   5.4969346e+04   7.7885235e-01
   5.4999295e+04   7.7900956e-01
   5.5029279e+04   7.7911103e-01
   5.5059279e+04   7.7934495e-01
   5.5089234e+04   7.7941823e-01
   5.5119219e+04   7.7967806e-01
   5.5149166e+04   7.7988719e-01
   5.5179189e+04   7.7996079e-01
   5.5209240e+04   7.8035527e-01
   5.5239234e+04   7.8036436e-01
   5.5269180e+04   7.8052200e-01
   5.5299146e+04   7.8054493e-01
   5.5329201e+04   7.8092871e-01
   5.5359260e+04   7.8100946e-01
   5.5389234e+04   7.8119604e-01
   5.5419217e+04   7.8139777e-01
   5.5449236e+04   7.8166545e-01
   5.5479230e+04   7.8181021e-01
   5.5509250e+04   7.8190100e-01
   5.5539129e+04   7.8214477e-01
   5.5569107e+04   7.8212885e-01
   5.5599170e+04   7.8236653e-01
   5.5629119e+04   7.8258285e-01
   5.5659113e+04   7.8282553e-01
   5.5689096e+04   7.8289112e-01
   5.5719117e+04   7.8318617e-01
   5.5749092e+04   7.8326033e-01
   5.5778967e+04   7.8346300e-01
   5.5808904e+04   7.8357587e-01
   5.5838898e+04   7.8384972e-01
   5.5868951e+04   7.8386692e-01
   5.5898961e+04   7.8425445e-01
   5.5928910e+04   7.8437505e-01
   5.5958918e+04   7.8443396e-01
   5.5988893e+04   7.8467354e-01
   5.6018854e+04   7.8479696e-01
   5.6048857e+04   7.8488240e-01
   5.6078879e+04   7.8524050e-01
   5.6108846e+04   7.8529074e-01
   5.6138838e+04   7.8550013e-01
   5.6168879e+04   7.8555909e-01
   5.6198811e+04   7.8578703e-01
   5.6228799e+04   7.8598090e-01
   5.6258838e+04   7.8612077e-01
   5.6288877e+04   7.8639050e-01
   5.6318906e+04   7.8640095e-01
   5.6348959e+04   7.8657423e-01
   5.6377422e+04   7.8677819e-01
   5.6407287e+04   7.8694530e-01
   5.6438775e+04   7.8719844e-01
   5.6468744e+04   7.8722405e-01
   5.6498746e+04   7.8739848e-01
   5.6528814e+04   7.8756685e-01
   5.6558848e+04   7.8786628e-01
   5.6588814e+04   7.8787094e-01
   5.6617264e+04   7.8812256e-01
   5.6647270e+04   7.8836688e-01
   5.6678828e+04   7.8848512e-01
   5.6708850e+04   7.8853721e-01
   5.6738803e+04   7.8880503e-01
   5.6768754e+04   7.8899785e-01
   5.6798734e+04   7.8916587e-01
   5.6828756e+04   7.8932475e-01
   5.6858721e+04   7.8948353e-01
   5.6888760e+04   7.8956171e-01
   5.6918834e+04   7.8982403e-01
   5.6947307e+04   7.8984969e-01
   5.6978787e+04   7.9020057e-01
   5.7010250e+04   7.9029627e-01
   5.7038744e+04   7.9047888e-01
   5.7068777e+04   7.9054601e-01
   5.7098814e+04   7.9074891e-01
   5.7128801e+04   7.9098257e-01
   5.7158740e+04   7.9112666e-01
   5.7188701e+04   7.9127627e-01
   5.7218691e+04   7.9129733e-01
   5.7248748e+04   7.9159991e-01
   5.7278789e+04   7.9184801e-01
   5.7308693e+04   7.9190596e-01
   5.7338652e+04   7.9204698e-01
   5.7367199e+04   7.9223533e-01
   5.7395680e+04   7.9243125e-01
   5.7427207e+04   7.9252406e-01
   5.7458717e+04   7.9280287e-01
   5.7487188e+04   7.9294187e-01
   5.7515605e+04   7.9300276e-01
   5.7545496e+04   7.9311913e-01
   5.7576990e+04   7.9326599e-01
   5.7607023e+04   7.9356259e-01
   5.7636953e+04   7.9370731e-01
   5.7668367e+04   7.9387269e-01
   5.7698389e+04   7.9395782e-01
   5.7726934e+04   7.9403258e-01
   5.7756908e+04   7.9433331e-01
   5.7788418e+04   7.9454059e-01
   5.7818447e+04   7.9469088e-01
   5.7848447e+04   7.9475358e-01
   5.7878400e+04   7.9494455e-01
   5.7908363e+04   7.9505095e-01
   5.7938410e+04   7.9538878e-01
   5.7966904e+04   7.9548471e-01
   5.7996926e+04   7.9571109e-01
   5.8026910e+04   7.9573673e-01
   5.8055475e+04   7.9603965e-01
   5.8085459e+04   7.9615460e-01
   5.8115363e+04   7.9623000e-01
   5.8146887e+04   7.9645042e-01
   5.8178365e+04   7.9655010e-01
   5.8208348e+04   7.9674698e-01
   5.8236830e+04   7.9695809e-01
   5.8265352e+04   7.9693724e-01
   5.8295324e+04   7.9726660e-01
   5.8326760e+04   7.9721559e-01
   5.8358311e+04   7.9766054e-01
   5.8386852e+04   7.9775087e-01
   5.8415098e+04   7.9773928e-01
   5.8444934e+04   7.9787709e-01
   5.8475010e+04   7.9815396e-01
   5.8505002e+04   7.9834112e-01
   5.8534980e+04   7.9844749e-01
   5.8566469e+04   7.9865062e-01
   5.8596482e+04   7.9878211e-01
   5.8624945e+04   7.9887284e-01
   5.8654912e+04   7.9910685e-01
   5.8684932e+04   7.9921179e-01
   5.8714936e+04   7.9939331e-01
   5.8744887e+04   7.9956331e-01
   5.8776350e+04   7.9974940e-01
   5.8806385e+04   8.0001479e-01
   5.8834959e+04   8.0013760e-01
   5.8864969e+04   8.0013892e-01
   5.8894939e+04   8.0024326e-01
   5.8924891e+04   8.0051921e-01
   5.8954838e+04   8.0059424e-01
   5.8984879e+04   8.0062642e-01
   5.9014910e+04   8.0100371e-01
   5.9044910e+04   8.0110909e-01
   5.9074879e+04   8.0125148e-01
   5.9104852e+04   8.0137941e-01
   5.9134891e+04   8.0159600e-01
   5.9164893e+04   8.0166327e-01
   5.9194828e+04   8.0174530e-01
   5.9224787e+04   8.0200006e-01
   5.9254787e+04   8.0226838e-01
   5.9284799e+04   8.0235203e-01
   5.9314682e+04   8.0244671e-01
   5.9344627e+04   8.0266145e-01
   5.9374689e+04   8.0278675e-01
   5.9404641e+04   8.0284968e-01
   5.9434662e+04   8.0308031e-01
   5.9464695e+04   8.0317279e-01
   5.9494625e+04   8.0335923e-01
   5.9524572e+04   8.0362007e-01
   5.9554539e+04   8.0364297e-01
   5.9584559e+04   8.0376461e-01
   5.9614559e+04   8.0394098e-01
   5.9644539e+04   8.0403033e-01
   5.9674545e+04   8.0423033e-01
   5.9704494e+04   8.0447209e-01
   5.9734521e+04   8.0455323e-01
   5.9764551e+04   8.0469019e-01
   5.9794535e+04   8.0491448e-01
   5.9824584e+04   8.0488848e-01
   5.9854533e+04   8.0529541e-01
   5.9884498e+04   8.0536452e-01
   5.9914510e+04   8.0544950e-01
   5.9944486e+04   8.0564454e-01
   5.9974434e+04   8.0579138e-01
   6.0364484e+04   8.0961698e-01
   6.0754570e+04   8.0967621e-01
   6.0783109e+04   8.0977923e-01
   6.0811658e+04   8.0981981e-01
   6.0841611e+04   8.1016528e-01
   6.0873090e+04   8.1011331e-01
   6.0904562e+04   8.1054966e-01
   6.0934590e+04   8.1044495e-01
   6.0964590e+04   8.1069695e-01
   6.0994531e+04   8.1081589e-01
   6.1023027e+04   8.1082194e-01
   6.1051539e+04   8.1131209e-01
   6.1082961e+04   8.1113696e-01
   6.1114344e+04   8.1138327e-01
   6.1144350e+04   8.1158354e-01
   6.1172818e+04   8.1170646e-01
   6.1201289e+04   8.1178355e-01
   6.1232832e+04   8.1207648e-01
   6.1264406e+04   8.1217470e-01
   6.1294357e+04   8.1217965e-01
   6.1324281e+04   8.1244676e-01
   6.1354299e+04   8.1254894e-01
   6.1384277e+04   8.1261166e-01
   6.1414277e+04   8.1284964e-01
   6.1444264e+04   8.1291198e-01
   6.1474242e+04   8.1313754e-01
   6.1504283e+04   8.1325093e-01
   6.1532818e+04   8.1330654e-01
   6.1562840e+04   8.1351681e-01
   6.1594332e+04   8.1363775e-01
   6.1624295e+04   8.1380688e-01
   6.1654248e+04   8.1390403e-01
   6.1682736e+04   8.1415086e-01
   6.1711248e+04   8.1431791e-01
   6.1742701e+04   8.1430638e-01
   6.1772734e+04   8.1465302e-01
   6.1801260e+04   8.1457251e-01
   6.1832699e+04   8.1493371e-01
   6.1862652e+04   8.1488312e-01
   6.1891213e+04   8.1502479e-01
   6.1922740e+04   8.1528051e-01
   6.1952568e+04   8.1533556e-01
   6.1980906e+04   8.1553551e-01
   6.2010852e+04   8.1557391e-01
   6.2042342e+04   8.1578178e-01
   6.2072330e+04   8.1577054e-01
   6.2100832e+04   8.1611385e-01
   6.2130852e+04   8.1629687e-01
   6.2162334e+04   8.1628792e-01
   6.2192332e+04   8.1645125e-01
   6.2220838e+04   8.1657599e-01
   6.2250838e+04   8.1672398e-01
   6.2280768e+04   8.1685355e-01
   6.2312209e+04   8.1715282e-01
   6.2343766e+04   8.1710511e-01
   6.2372311e+04   8.1736028e-01
   6.2400820e+04   8.1738044e-01
   6.2430859e+04   8.1762325e-01
   6.2460871e+04   8.1774613e-01
   6.2490811e+04   8.1786152e-01
   6.2520762e+04   8.1807973e-01
   6.2550752e+04   8.1807621e-01
   6.2580807e+04   8.1843304e-01
   6.2610785e+04   8.1842104e-01
   6.2642242e+04   8.1862544e-01
   6.2672234e+04   8.1869083e-01
   6.2700725e+04   8.1877767e-01
   6.2730748e+04   8.1902211e-01
   6.2760754e+04   8.1911313e-01
   6.2790734e+04   8.1931369e-01
   6.2820656e+04   8.1938300e-01
   6.2850512e+04   8.1947505e-01
   6.2880520e+04   8.1969050e-01
   6.2910525e+04   8.1978063e-01
   6.2940469e+04   8.1995160e-01
   6.2970518e+04   8.2012040e-01
   6.3000547e+04   8.2037652e-01
   6.3030566e+04   8.2043035e-01
   6.3060506e+04   8.2040300e-01
   6.3090434e+04   8.2070597e-01
   6.3120461e+04   8.2071800e-01
   6.3150500e+04   8.2082927e-01
   6.3182035e+04   8.2104696e-01
   6.3211986e+04   8.2121360e-01
   6.3240381e+04   8.2140790e-01
   6.3270387e+04   8.2140018e-01
   6.3300465e+04   8.2158860e-01
   6.3330492e+04   8.2170661e-01
   6.3360494e+04   8.2200514e-01
   6.3390455e+04   8.2182899e-01
   6.3420365e+04   8.2205397e-01
   6.3450400e+04   8.2231252e-01
   6.3480479e+04   8.2239007e-01
   6.3510412e+04   8.2241494e-01
   6.3540381e+04   8.2277130e-01
   6.3570441e+04   8.2275186e-01
   6.3600424e+04   8.2282091e-01
   6.3630352e+04   8.2315210e-01
   6.3660324e+04   8.2318055e-01
   6.3690342e+04   8.2344891e-01
   6.3720459e+04   8.2343136e-01
   6.3750568e+04   8.2363375e-01
   6.3780609e+04   8.2364336e-01
   6.3810635e+04   8.2378863e-01
   6.3840645e+04   8.2408468e-01
   6.3870635e+04   8.2437578e-01
   6.3900576e+04   8.2424060e-01
   6.3930555e+04   8.2443692e-01
   6.3960527e+04   8.2459847e-01
   6.3990527e+04   8.2480810e-01
   6.4020582e+04   8.2481913e-01
   6.4050555e+04   8.2488998e-01
   6.4080473e+04   8.2509189e-01
   6.4110486e+04   8.2523321e-01
   6.4139070e+04   8.2537145e-01
   6.4169014e+04   8.2548814e-01
   6.4200465e+04   8.2554378e-01
   6.4230516e+04   8.2582564e-01
   6.4260541e+04   8.2587122e-01
   6.4290531e+04   8.2598313e-01
   6.4320490e+04   8.2611513e-01
   6.4350514e+04   8.2633597e-01
   6.4380496e+04   8.2628486e-01
   6.4410475e+04   8.2641333e-01
   6.4440486e+04   8.2667873e-01
   6.4470445e+04   8.2685782e-01
   6.4500379e+04   8.2694489e-01
   6.4530396e+04   8.2703542e-01
   6.4560465e+04   8.2717100e-01
   6.4590455e+04   8.2721112e-01
   6.4620354e+04   8.2744040e-01
   6.4650230e+04   8.2752118e-01
   6.4678744e+04   8.2772588e-01
   6.4708734e+04   8.2788279e-01
   6.4740217e+04   8.2814689e-01
   6.4770240e+04   8.2805428e-01
   6.4800270e+04   8.2824724e-01
   6.4828758e+04   8.2834750e-01
   6.4858689e+04   8.2861629e-01
   6.4890182e+04   8.2861327e-01
   6.4920238e+04   8.2877368e-01
   6.4950219e+04   8.2882527e-01
   6.4980139e+04   8.2901227e-01
   6.5010131e+04   8.2913158e-01
   6.5038650e+04   8.2924341e-01
   6.5068645e+04   8.2940053e-01
   6.5100131e+04   8.2954883e-01
   6.5128693e+04   8.2945573e-01
   6.5157184e+04   8.2974054e-01
   6.5187072e+04   8.2977669e-01
   6.5218545e+04   8.2999032e-01
   6.5248650e+04   8.3011879e-01
   6.5277162e+04   8.3021208e-01
   6.5307059e+04   8.3037807e-01
   6.5337070e+04   8.3049326e-01
   6.5367115e+04   8.3060075e-01
   6.5397082e+04   8.3076998e-01
   6.5427037e+04   8.3093316e-01
   6.5458525e+04   8.3089481e-01
   6.5488408e+04   8.3110377e-01
   6.5516748e+04   8.3136288e-01
   6.5546730e+04   8.3145195e-01
   6.5578277e+04   8.3150102e-01
   6.5608207e+04   8.3169023e-01
   6.5636625e+04   8.3181908e-01
   6.5666699e+04   8.3200689e-01
   6.5696727e+04   8.3193971e-01
   6.5726730e+04   8.3219625e-01
   6.5758207e+04   8.3228631e-01
   6.5788148e+04   8.3243012e-01
   6.5816633e+04   8.3251644e-01
   6.5846664e+04   8.3276652e-01
   6.5876664e+04   8.3283322e-01
   6.5906559e+04   8.3298359e-01
   6.5936648e+04   8.3308094e-01
   6.5966699e+04   8.3305803e-01
   6.5998109e+04   8.3334673e-01
   6.6028129e+04   8.3321878e-01
   6.6056664e+04   8.3354566e-01
   6.6086645e+04   8.3362596e-01
   6.6116664e+04   8.3387366e-01
   6.6146637e+04   8.3387758e-01
   6.6176539e+04   8.3405203e-01
   6.6206551e+04   8.3423389e-01
   6.6236539e+04   8.3429859e-01
   6.6266520e+04   8.3438397e-01
   6.6296457e+04   8.3451636e-01
   6.6326484e+04   8.3461254e-01
   6.6356609e+04   8.3473832e-01
   6.6386504e+04   8.3495438e-01
   6.6416320e+04   8.3506898e-01
   6.6446340e+04   8.3507798e-01
   6.6476371e+04   8.3536273e-01
   6.6506352e+04   8.3540587e-01
   6.6536355e+04   8.3557174e-01
   6.6566352e+04   8.3569797e-01
   6.6596367e+04   8.3571323e-01
   6.6626316e+04   8.3585072e-01
   6.6656270e+04   8.3584369e-01
   6.6686293e+04   8.3592635e-01
   6.6716367e+04   8.3635964e-01
   6.6746391e+04   8.3621745e-01
   6.6776297e+04   8.3665345e-01
   6.6809219e+04   8.3650919e-01
   6.6839234e+04   8.3668751e-01
   6.6866312e+04   8.3669507e-01
   6.6896324e+04   8.3694899e-01
   6.6926289e+04   8.3702316e-01
   6.6956285e+04   8.3714391e-01
   6.6986227e+04   8.3742804e-01
   6.7016223e+04   8.3748684e-01
   6.7046250e+04   8.3764414e-01
   6.7076270e+04   8.3782263e-01
   6.7106277e+04   8.3784278e-01
   6.7136281e+04   8.3804931e-01
   6.7166246e+04   8.3822519e-01
   6.7196246e+04   8.3825809e-01
   6.7226258e+04   8.3826548e-01
   6.7256215e+04   8.3838199e-01
   6.7286234e+04   8.3843356e-01
   6.7316258e+04   8.3870971e-01
   6.7346238e+04   8.3883316e-01
   6.7377695e+04   8.3886074e-01
   6.7407703e+04   8.3904054e-01
   6.7436223e+04   8.3921588e-01
   6.7466203e+04   8.3929601e-01
   6.7496133e+04   8.3936193e-01
   6.7526188e+04   8.3951318e-01
   6.7556211e+04   8.3960543e-01
   6.7586129e+04   8.3982124e-01
   6.7616082e+04   8.3988687e-01
   6.7646113e+04   8.4006847e-01
   6.7676105e+04   8.4014766e-01
   6.7706008e+04   8.4021560e-01
   6.7736074e+04   8.4031096e-01
   6.7766156e+04   8.4041664e-01
   6.7796168e+04   8.4050771e-01
   6.7826066e+04   8.4074688e-01
   6.7855988e+04   8.4083748e-01
   6.7886105e+04   8.4091569e-01
   6.7916180e+04   8.4099748e-01
   6.7946152e+04   8.4115655e-01
   6.7976117e+04   8.4138265e-01
   6.8005996e+04   8.4133347e-01
   6.8036027e+04   8.4136697e-01
   6.8066055e+04   8.4174776e-01
   6.8095926e+04   8.4169388e-01
   6.8125949e+04   8.4180883e-01
   6.8155895e+04   8.4196308e-01
   6.8185883e+04   8.4222473e-01
   6.8215898e+04   8.4222718e-01
   6.8245730e+04   8.4225900e-01
   6.8275805e+04   8.4245474e-01
   6.8305930e+04   8.4259944e-01
   6.8334438e+04   8.4278235e-01
   6.8362879e+04   8.4282534e-01
   6.8394281e+04   8.4284149e-01
   6.8425758e+04   8.4310372e-01
   6.8454277e+04   8.4316507e-01
   6.8484250e+04   8.4330317e-01
   6.8515750e+04   8.4343464e-01
   6.8544344e+04   8.4358183e-01
   6.8574238e+04   8.4361975e-01
   6.8605672e+04   8.4382382e-01
   6.8635824e+04   8.4372388e-01
   6.8664398e+04   8.4400744e-01
   6.8692836e+04   8.4401938e-01
   6.8724242e+04   8.4419872e-01
   6.8755727e+04   8.4410313e-01
   6.8785828e+04   8.4432408e-01
   6.8814266e+04   8.4448044e-01
   6.8842609e+04   8.4466033e-01
   6.8872617e+04   8.4461775e-01
   6.8902773e+04   8.4481791e-01
   6.8932742e+04   8.4499518e-01
   6.8962672e+04   8.4509612e-01
   6.8994234e+04   8.4519067e-01
   6.9025602e+04   8.4526944e-01
   6.9053922e+04   8.4536971e-01
   6.9082352e+04   8.4567182e-01
   6.9112340e+04   8.4555268e-01
   6.9143828e+04   8.4596167e-01
   6.9175363e+04   8.4587947e-01
   6.9203965e+04   8.4595082e-01
   6.9233910e+04   8.4612244e-01
   6.9265293e+04   8.4631599e-01
   6.9293902e+04   8.4628027e-01
   6.9322430e+04   8.4651871e-01
   6.9352320e+04   8.4657505e-01
   6.9383754e+04   8.4661141e-01
   6.9415234e+04   8.4677897e-01
   6.9443812e+04   8.4686160e-01
   6.9472324e+04   8.4699889e-01
   6.9502238e+04   8.4721555e-01
   6.9533660e+04   8.4729483e-01
   6.9563773e+04   8.4740748e-01
   6.9592402e+04   8.4750302e-01
   6.9622348e+04   8.4757364e-01
   6.9652309e+04   8.4757540e-01
   6.9682352e+04   8.4793282e-01
   6.9712336e+04   8.4790167e-01
   6.9742273e+04   8.4789843e-01
   6.9772191e+04   8.4814861e-01
   6.9802168e+04   8.4818880e-01
   6.9833730e+04   8.4823078e-01
   6.9863711e+04   8.4855561e-01
   6.9892293e+04   8.4851910e-01
   6.9922262e+04   8.4881450e-01
   6.9952145e+04   8.4879714e-01
   6.9982121e+04   8.4886705e-01
   7.0012117e+04   8.4893567e-01
   7.0042121e+04   8.4922079e-01
   7.0072043e+04   8.4920815e-01
   7.0102051e+04   8.4944986e-01
   7.0132031e+04   8.4942005e-01
   7.0161957e+04   8.4959657e-01
   7.0191953e+04   8.4972056e-01
   7.0221965e+04   8.4980890e-01
   7.0251988e+04   8.4989567e-01
   7.0281977e+04   8.5001089e-01
   7.0311938e+04   8.5018191e-01
   7.0341973e+04   8.5021754e-01
   7.0371945e+04   8.5038461e-01
   7.0401992e+04   8.5041756e-01
   7.0432062e+04   8.5060662e-01
   7.0462047e+04   8.5069018e-01
   7.0492020e+04   8.5083211e-01
   7.0522012e+04   8.5090245e-01
   7.0552059e+04   8.5093778e-01
   7.0581941e+04   8.5128107e-01
   7.0611832e+04   8.5120045e-01
   7.0641891e+04   8.5141648e-01
   7.0671914e+04   8.5145277e-01
   7.0701832e+04   8.5165416e-01
   7.0731828e+04   8.5167434e-01
   7.0761934e+04   8.5179177e-01
   7.0791957e+04   8.5184883e-01
   7.0821973e+04   8.5203995e-01
   7.0851984e+04   8.5206223e-01
   7.0881953e+04   8.5232476e-01
   7.0911941e+04   8.5229886e-01
   7.0941926e+04   8.5233060e-01
   7.0971871e+04   8.5248220e-01
   7.1001898e+04   8.5262773e-01
   7.1031961e+04   8.5278987e-01
   7.1061938e+04   8.5280805e-01
   7.1091926e+04   8.5293730e-01
   7.1121941e+04   8.5312351e-01
   7.1151934e+04   8.5305285e-01
   7.1181859e+04   8.5325246e-01
   7.1211910e+04   8.5353746e-01
   7.1241953e+04   8.5348726e-01
   7.1271914e+04   8.5355594e-01
   7.1301879e+04   8.5374056e-01
   7.1331891e+04   8.5366779e-01
   7.1361863e+04   8.5395123e-01
   7.1391812e+04   8.5399232e-01
   7.1421930e+04   8.5426599e-01
   7.1451832e+04   8.5426436e-01
   7.1481688e+04   8.5427818e-01
   7.1511867e+04   8.5448090e-01
   7.1541891e+04   8.5447707e-01
   7.1571609e+04   8.5467826e-01
   7.1601695e+04   8.5475498e-01
   7.1630324e+04   8.5481103e-01
   7.1660219e+04   8.5510354e-01
   7.1690070e+04   8.5507365e-01
   7.1720039e+04   8.5515288e-01
   7.1751602e+04   8.5531263e-01
   7.1781512e+04   8.5530873e-01
   7.1811477e+04   8.5552310e-01
   7.1841535e+04   8.5555610e-01
   7.1870059e+04   8.5579080e-01
   7.1899992e+04   8.5576240e-01
   7.1930098e+04   8.5584105e-01
   7.1960141e+04   8.5604442e-01
   7.1991414e+04   8.5620080e-01
   7.2019801e+04   8.5618425e-01
   7.2048395e+04   8.5647500e-01
   7.2079965e+04   8.5640343e-01
   7.2110031e+04   8.5643548e-01
   7.2140051e+04   8.5666286e-01
   7.2171531e+04   8.5686592e-01
   7.2201477e+04   8.5676489e-01
   7.2231398e+04   8.5704461e-01
   7.2259926e+04   8.5709707e-01
   7.2288348e+04   8.5725298e-01
   7.2319855e+04   8.5731347e-01
   7.2351469e+04   8.5724548e-01
   7.2381434e+04   8.5750425e-01
   7.2409859e+04   8.5768156e-01
   7.2439770e+04   8.5781287e-01
   7.2469773e+04   8.5798697e-01
   7.2498344e+04   8.5804095e-01
   7.2529910e+04   8.5801028e-01
   7.2561344e+04   8.5807749e-01
   7.2589676e+04   8.5807568e-01
   7.2619625e+04   8.5833058e-01
   7.2651176e+04   8.5837584e-01
   7.2681129e+04   8.5855194e-01
   7.2711008e+04   8.5881459e-01
   7.2739496e+04   8.5873738e-01
   7.2769574e+04   8.5892545e-01
   7.2801074e+04   8.5878687e-01
   7.2829453e+04   8.5905250e-01
   7.2859324e+04   8.5914091e-01
   7.2889461e+04   8.5922856e-01
   7.2918102e+04   8.5925685e-01
   7.2948035e+04   8.5940522e-01
   7.2979512e+04   8.5944309e-01
   7.3009555e+04   8.5970585e-01
   7.3039543e+04   8.5988907e-01
   7.3070984e+04   8.5982520e-01
   7.3099496e+04   8.6006730e-01
   7.3128082e+04   8.6009783e-01
   7.3158031e+04   8.6021159e-01
   7.3189484e+04   8.6024108e-01
   7.3219512e+04   8.6034622e-01
   7.3247965e+04   8.6046475e-01
   7.3277938e+04   8.6055750e-01
   7.3307906e+04   8.6065535e-01
   7.3337938e+04   8.6083137e-01
   7.3368031e+04   8.6095119e-01
   7.3398082e+04   8.6094181e-01
   7.3429434e+04   8.6115405e-01
   7.3460812e+04   8.6119960e-01
   7.3489266e+04   8.6118684e-01
   7.3517727e+04   8.6144531e-01
   7.3547684e+04   8.6156006e-01
   7.3577664e+04   8.6142037e-01
   7.3607691e+04   8.6160671e-01
   7.3637730e+04   8.6183240e-01
   7.3667672e+04   8.6179297e-01
   7.3697605e+04   8.6201036e-01
   7.3729164e+04   8.6181965e-01
   7.3759199e+04   8.6225848e-01
   7.3787648e+04   8.6218979e-01
   7.3817609e+04   8.6241257e-01
   7.3847617e+04   8.6251603e-01
   7.3879129e+04   8.6265466e-01
   7.3909094e+04   8.6272280e-01
   7.3937566e+04   8.6268861e-01
   7.3967633e+04   8.6289690e-01
   7.3997633e+04   8.6296999e-01
   7.4027590e+04   8.6299914e-01
   7.4057559e+04   8.6313634e-01
   7.4087547e+04   8.6329647e-01
   7.4117574e+04   8.6344653e-01
   7.4147531e+04   8.6332553e-01
   7.4177547e+04   8.6334073e-01
   7.4207621e+04   8.6359911e-01
   7.4237605e+04   8.6374393e-01
   7.4267496e+04   8.6412180e-01
   7.4297465e+04   8.6397361e-01
   7.4327477e+04   8.6410209e-01
   7.4357555e+04   8.6422409e-01
   7.4387664e+04   8.6423808e-01
   7.4419137e+04   8.6443567e-01
   7.4449117e+04   8.6435772e-01
   7.4477758e+04   8.6448260e-01
   7.4507887e+04   8.6457954e-01
   7.4537781e+04   8.6474457e-01
   7.4567734e+04   8.6473938e-01
   7.4597801e+04   8.6509387e-01
   7.4627746e+04   8.6489999e-01
   7.4657598e+04   8.6515339e-01
   7.4687543e+04   8.6520431e-01
   7.4717543e+04   8.6536813e-01
   7.4747613e+04   8.6540178e-01
   7.4777613e+04   8.6557847e-01
   7.4807543e+04   8.6537825e-01
   7.4837617e+04   8.6571656e-01
   7.4867715e+04   8.6575498e-01
   7.4897691e+04   8.6585344e-01
   7.4927668e+04   8.6617817e-01
   7.4957637e+04   8.6612597e-01
   7.4987625e+04   8.6621196e-01
   7.5016133e+04   8.6627200e-01
   7.5046094e+04   8.6642856e-01
   7.5077594e+04   8.6650678e-01
   7.5107523e+04   8.6659119e-01
   7.5137500e+04   8.6648352e-01
   7.5167457e+04   8.6674531e-01
   7.5197438e+04   8.6693356e-01
   7.5225855e+04   8.6690925e-01
   7.5255754e+04   8.6714815e-01
   7.5285871e+04   8.6707557e-01
   7.5315973e+04   8.6739019e-01
   7.5347359e+04   8.6726954e-01
   7.5377289e+04   8.6736550e-01
   7.5407352e+04   8.6763276e-01
   7.5437332e+04   8.6765211e-01
   7.5467312e+04   8.6766578e-01
   7.5497273e+04   8.6793373e-01
   7.5527242e+04   8.6792932e-01
   7.5557199e+04   8.6797975e-01
   7.5587234e+04   8.6809159e-01
   7.5617184e+04   8.6816042e-01
   7.5647160e+04   8.6831044e-01
   7.5675691e+04   8.6845216e-01
   7.5705664e+04   8.6848692e-01
   7.5737164e+04   8.6860833e-01
   7.5767168e+04   8.6863948e-01
   7.5797070e+04   8.6866184e-01
   7.5827059e+04   8.6883896e-01
   7.5855746e+04   8.6893158e-01
   7.5885727e+04   8.6904140e-01
   7.5917121e+04   8.6909961e-01
   7.5947086e+04   8.6915213e-01
   7.5977113e+04   8.6923658e-01
   7.6005586e+04   8.6959020e-01
   7.6034070e+04   8.6943065e-01
   7.6064102e+04   8.6968160e-01
   7.6095508e+04   8.6973565e-01
   7.6126832e+04   8.6975285e-01
   7.6156730e+04   8.6986108e-01
   7.6186715e+04   8.7008447e-01
   7.6216703e+04   8.6994470e-01
   7.6246688e+04   8.7006097e-01
   7.6276699e+04   8.7026216e-01
   7.6306688e+04   8.7047564e-01
   7.6335195e+04   8.7034031e-01
   7.6365227e+04   8.7057417e-01
   7.6396738e+04   8.7074828e-01
   7.6426711e+04   8.7076596e-01
   7.6456605e+04   8.7092992e-01
   7.6485055e+04   8.7099866e-01
   7.6513586e+04   8.7102202e-01
   7.6543656e+04   8.7115745e-01
   7.6575219e+04   8.7113685e-01
   7.6605188e+04   8.7124337e-01
   7.6633613e+04   8.7118773e-01
   7.6665043e+04   8.7134707e-01
   7.6696594e+04   8.7159461e-01
   7.6726609e+04   8.7143046e-01
   7.6755105e+04   8.7183266e-01
   7.6783578e+04   8.7173086e-01
   7.6815031e+04   8.7184097e-01
   7.6845164e+04   8.7197248e-01
   7.6873652e+04   8.7231318e-01
   7.6903543e+04   8.7214977e-01
   7.6935082e+04   8.7209595e-01
   7.6966566e+04   8.7236901e-01
   7.6994938e+04   8.7241399e-01
   7.7023359e+04   8.7239979e-01
   7.7053398e+04   8.7270564e-01
   7.7083488e+04   8.7283806e-01
   7.7114871e+04   8.7293838e-01
   7.7144840e+04   8.7301873e-01
   7.7173352e+04   8.7311727e-01
   7.7203301e+04   8.7307782e-01
   7.7233340e+04   8.7339724e-01
   7.7263340e+04   8.7316828e-01
   7.7293348e+04   8.7346890e-01
   7.7323332e+04   8.7340443e-01
   7.7353348e+04   8.7361779e-01
   7.7384805e+04   8.7355626e-01
   7.7414809e+04   8.7362541e-01
   7.7443324e+04   8.7383621e-01
   7.7473277e+04   8.7397228e-01
   7.7503312e+04   8.7416303e-01
   7.7533320e+04   8.7399409e-01
   7.7563305e+04   8.7417695e-01
   7.7593289e+04   8.7433743e-01
   7.7623328e+04   8.7431783e-01
   7.7653336e+04   8.7441261e-01
   7.7683258e+04   8.7466802e-01
   7.7713238e+04   8.7472592e-01
   7.7744805e+04   8.7461300e-01
   7.7774793e+04   8.7482526e-01
   7.7803281e+04   8.7484604e-01
   7.7833328e+04   8.7496215e-01
   7.7863258e+04   8.7509639e-01
   7.7893289e+04   8.7528475e-01
   7.7923477e+04   8.7533593e-01
   7.7953555e+04   8.7532846e-01
   7.7983465e+04   8.7539893e-01
   7.8013449e+04   8.7532035e-01
   7.8043465e+04   8.7569114e-01
   7.8073457e+04   8.7575132e-01
   7.8103492e+04   8.7560385e-01
   7.8133387e+04   8.7615111e-01
   7.8163309e+04   8.7583540e-01
   7.8193332e+04   8.7604041e-01
   7.8223309e+04   8.7615281e-01
   7.8253316e+04   8.7623981e-01
   7.8283363e+04   8.7627829e-01
   7.8313328e+04   8.7639365e-01
   7.8343289e+04   8.7652052e-01
   7.8373332e+04   8.7658866e-01
   7.8403402e+04   8.7661388e-01
   7.8791664e+04   8.7876910e-01
   7.9179977e+04   8.7903387e-01
   7.9211520e+04   8.7901548e-01
   7.9242984e+04   8.7907517e-01
   7.9272973e+04   8.7918326e-01
   7.9302988e+04   8.7921327e-01
   7.9332977e+04   8.7930009e-01
   7.9362957e+04   8.7936425e-01
   7.9392953e+04   8.7966361e-01
   7.9422906e+04   8.7955166e-01
   7.9452879e+04   8.7965023e-01
   7.9482887e+04   8.7972495e-01
   7.9512926e+04   8.7995051e-01
   7.9542883e+04   8.7998210e-01
   7.9572859e+04   8.8000392e-01
   7.9602820e+04   8.8000196e-01
   7.9632797e+04   8.8017259e-01
   7.9662680e+04   8.8026324e-01
   7.9692480e+04   8.8026201e-01
   7.9722477e+04   8.8052721e-01
   7.9751012e+04   8.8048235e-01
   7.9781059e+04   8.8070260e-01
   7.9812566e+04   8.8070637e-01
   7.9842547e+04   8.8073543e-01
   7.9872496e+04   8.8080418e-01
   7.9902418e+04   8.8097185e-01
   7.9932402e+04   8.8106214e-01
   7.9960898e+04   8.8123225e-01
   7.9990941e+04   8.8111843e-01
   8.0022461e+04   8.8119408e-01
   8.0052434e+04   8.8122703e-01
   8.0080922e+04   8.8132541e-01
   8.0109375e+04   8.8145916e-01
   8.0140902e+04   8.8170280e-01
   8.0172441e+04   8.8163265e-01
   8.0202414e+04   8.8173919e-01
   8.0230898e+04   8.8198525e-01
   8.0259391e+04   8.8174372e-01
   8.0290871e+04   8.8210368e-01
   8.0322332e+04   8.8191107e-01
   8.0350809e+04   8.8210814e-01
   8.0380785e+04   8.8235601e-01
   8.0410820e+04   8.8242761e-01
   8.0439359e+04   8.8249688e-01
   8.0469309e+04   8.8261753e-01
   8.0499270e+04   8.8266406e-01
   8.0529242e+04   8.8269058e-01
   8.0559172e+04   8.8265657e-01
   8.0590613e+04   8.8285130e-01
   8.0620637e+04   8.8287805e-01
   8.0649141e+04   8.8306534e-01
   8.0680633e+04   8.8307760e-01
   8.0710652e+04   8.8316917e-01
   8.0739160e+04   8.8333386e-01
   8.0769137e+04   8.8327439e-01
   8.0800609e+04   8.8358452e-01
   8.0832102e+04   8.8336285e-01
   8.0860562e+04   8.8363626e-01
   8.0890520e+04   8.8361755e-01
   8.0920496e+04   8.8388496e-01
   8.0949047e+04   8.8382777e-01
   8.0979117e+04   8.8386545e-01
   8.1009039e+04   8.8380876e-01
   8.1039000e+04   8.8411745e-01
   8.1069062e+04   8.8399511e-01
   8.1099090e+04   8.8428015e-01
   8.1129055e+04   8.8430380e-01
   8.1159012e+04   8.8422867e-01
   8.1189020e+04   8.8427658e-01
   8.1218996e+04   8.8453540e-01
   8.1248969e+04   8.8463193e-01
   8.1278910e+04   8.8470432e-01
   8.1308945e+04   8.8474083e-01
   8.1339023e+04   8.8501291e-01
   8.1368961e+04   8.8495218e-01
   8.1398945e+04   8.8504383e-01
   8.1428980e+04   8.8495272e-01
   8.1458980e+04   8.8533559e-01
   8.1488980e+04   8.8523380e-01
   8.1518977e+04   8.8530411e-01
   8.1548984e+04   8.8533659e-01
   8.1578973e+04   8.8550433e-01
   8.1608934e+04   8.8561719e-01
   8.1640387e+04   8.8550168e-01
   8.1670371e+04   8.8565201e-01
   8.1698918e+04   8.8580873e-01
   8.1728930e+04   8.8599842e-01
   8.1758871e+04   8.8591385e-01
   8.1788875e+04   8.8612401e-01
   8.1818902e+04   8.8610780e-01
   8.1848883e+04   8.8623739e-01
   8.1878852e+04   8.8640055e-01
   8.1908859e+04   8.8634422e-01
   8.1938887e+04   8.8650996e-01
   8.1968902e+04   8.8640137e-01
   8.1998934e+04   8.8669063e-01
   8.2028875e+04   8.8675826e-01
   8.2058859e+04   8.8680164e-01
   8.2088852e+04   8.8687902e-01
   8.2118758e+04   8.8685325e-01
   8.2148754e+04   8.8691623e-01
   8.2178781e+04   8.8708528e-01
   8.2208770e+04   8.8722579e-01
   8.2238723e+04   8.8732746e-01
   8.2268762e+04   8.8727127e-01
   8.2298750e+04   8.8734294e-01
   8.2328598e+04   8.8750924e-01
   8.2358555e+04   8.8757250e-01
   8.2388590e+04   8.8769548e-01
   8.2418574e+04   8.8782787e-01
   8.2448574e+04   8.8766711e-01
   8.2478570e+04   8.8778269e-01
   8.2508547e+04   8.8774466e-01
   8.2538539e+04   8.8809194e-01
   8.2568559e+04   8.8809007e-01
   8.2597070e+04   8.8823180e-01
   8.2627047e+04   8.8828487e-01
   8.2658582e+04   8.8832444e-01
   8.2688543e+04   8.8840053e-01
   8.2718449e+04   8.8850046e-01
   8.2748469e+04   8.8862464e-01
   8.2778480e+04   8.8858779e-01
   8.2808500e+04   8.8875500e-01
   8.2838527e+04   8.8872537e-01
   8.2868508e+04   8.8901054e-01
   8.2898441e+04   8.8912582e-01
   8.2928469e+04   8.8921132e-01
   8.2957039e+04   8.8904563e-01
   8.2985488e+04   8.8931561e-01
   8.3016953e+04   8.8927874e-01
   8.3048453e+04   8.8939672e-01
   8.3078410e+04   8.8945729e-01
   8.3108340e+04   8.8942411e-01
   8.3138320e+04   8.8967078e-01
   8.3168355e+04   8.8965364e-01
   8.3198242e+04   8.8971341e-01
   8.3228098e+04   8.8962473e-01
   8.3258137e+04   8.8985819e-01
   8.3288125e+04   8.8990528e-01
   8.3318078e+04   8.9003862e-01
   8.3348078e+04   8.9010179e-01
   8.3378062e+04   8.9022351e-01
   8.3408051e+04   8.9034863e-01
   8.3438031e+04   8.9032079e-01
   8.3466500e+04   8.9033872e-01
   8.3495012e+04   8.9047662e-01
   8.3526473e+04   8.9051097e-01
   8.3557914e+04   8.9065658e-01
   8.3586469e+04   8.9084108e-01
   8.3614977e+04   8.9084247e-01
   8.3646434e+04   8.9092152e-01
   8.3676484e+04   8.9106386e-01
   8.3706445e+04   8.9105928e-01
   8.3736406e+04   8.9127237e-01
   8.3766477e+04   8.9122277e-01
   8.3797984e+04   8.9121512e-01
   8.3827980e+04   8.9120746e-01
   8.3857906e+04   8.9143928e-01
   8.3886359e+04   8.9146340e-01
   8.3916379e+04   8.9157293e-01
   8.3946367e+04   8.9177330e-01
   8.3976387e+04   8.9182525e-01
   8.4006387e+04   8.9186008e-01
   8.4036355e+04   8.9194633e-01
   8.4066312e+04   8.9203148e-01
   8.4094750e+04   8.9207797e-01
   8.4124707e+04   8.9201398e-01
   8.4154723e+04   8.9225167e-01
   8.4184664e+04   8.9251769e-01
   8.4214570e+04   8.9258538e-01
   8.4246090e+04   8.9244397e-01
   8.4277664e+04   8.9242419e-01
   8.4306148e+04   8.9275977e-01
   8.4334586e+04   8.9264495e-01
   8.4364586e+04   8.9274800e-01
   8.4394605e+04   8.9278534e-01
   8.4426129e+04   8.9300921e-01
   8.4457660e+04   8.9276118e-01
   8.4486152e+04   8.9302398e-01
   8.4514609e+04   8.9294903e-01
   8.4544641e+04   8.9322962e-01
   8.4574660e+04   8.9328520e-01
   8.4606156e+04   8.9353825e-01
   8.4636148e+04   8.9338295e-01
   8.4666172e+04   8.9355638e-01
   8.4696188e+04   8.9366816e-01
   8.4726113e+04   8.9366739e-01
   8.4756055e+04   8.9367669e-01
   8.4786078e+04   8.9373836e-01
   8.4816078e+04   8.9374896e-01
   8.4844516e+04   8.9381646e-01
   8.4874531e+04   8.9399172e-01
   8.4904559e+04   8.9417022e-01
   8.4934543e+04   8.9420831e-01
   8.4964547e+04   8.9415393e-01
   8.4994570e+04   8.9431816e-01
   8.5024621e+04   8.9430641e-01
   8.5054648e+04   8.9436165e-01
   8.5084629e+04   8.9453364e-01
   8.5114598e+04   8.9454357e-01
   8.5144629e+04   8.9460914e-01
   8.5174652e+04   8.9475502e-01
   8.5204605e+04   8.9485316e-01
   8.5234613e+04   8.9479101e-01
   8.5264605e+04   8.9511680e-01
   8.5294539e+04   8.9500303e-01
   8.5324523e+04   8.9500359e-01
   8.5354543e+04   8.9512821e-01
   8.5384543e+04   8.9520533e-01
   8.5414543e+04   8.9529633e-01
   8.5444516e+04   8.9556770e-01
   8.5474496e+04   8.9542394e-01
   8.5504516e+04   8.9534360e-01
   8.5534461e+04   8.9550321e-01
   8.5564461e+04   8.9568969e-01
   8.5594492e+04   8.9571280e-01
   8.5624453e+04   8.9574876e-01
   8.5654488e+04   8.9581526e-01
   8.5684500e+04   8.9601191e-01
   8.5714508e+04   8.9613949e-01
   8.5744531e+04   8.9615416e-01
   8.5774484e+04   8.9617537e-01
   8.5804418e+04   8.9623926e-01
   8.5834457e+04   8.9615425e-01
   8.5864422e+04   8.9629077e-01
   8.5894301e+04   8.9658397e-01
   8.5924273e+04   8.9646570e-01
   8.5954320e+04   8.9633654e-01
   8.5984293e+04   8.9662870e-01
   8.6014223e+04   8.9666296e-01
   8.6044312e+04   8.9693904e-01
   8.6074250e+04   8.9669685e-01
   8.6104184e+04   8.9697026e-01
   8.6134270e+04   8.9702928e-01
   8.6164301e+04   8.9696145e-01
   8.6194277e+04   8.9722849e-01
   8.6224254e+04   8.9726144e-01
   8.6254180e+04   8.9725521e-01
   8.6284164e+04   8.9731825e-01
   8.6314184e+04   8.9753396e-01
   8.6344172e+04   8.9735720e-01
   8.6374180e+04   8.9749721e-01
   8.6404211e+04   8.9778412e-01
   8.6434254e+04   8.9774198e-01
   8.6462707e+04   8.9771741e-01
   8.6492715e+04   8.9781108e-01
   8.6524266e+04   8.9807079e-01
   8.6554266e+04   8.9797251e-01
   8.6584223e+04   8.9813271e-01
   8.6614223e+04   8.9820794e-01
   8.6644184e+04   8.9818590e-01
   8.6674121e+04   8.9829270e-01
   8.6704227e+04   8.9834485e-01
   8.6734074e+04   8.9847782e-01
   8.6763809e+04   8.9858455e-01
   8.6792332e+04   8.9860794e-01
   8.6822332e+04   8.9862921e-01
   8.6853785e+04   8.9873759e-01
   8.6883746e+04   8.9893454e-01
   8.6913824e+04   8.9873640e-01
   8.6942387e+04   8.9883231e-01
   8.6972352e+04   8.9896827e-01
   8.7003879e+04   8.9916610e-01
   8.7033852e+04   8.9906511e-01
   8.7063758e+04   8.9919862e-01
   8.7092273e+04   8.9927599e-01
   8.7122316e+04   8.9925900e-01
   8.7153777e+04   8.9955396e-01
   8.7183746e+04   8.9945371e-01
   8.7213688e+04   8.9947860e-01
   8.7243754e+04   8.9947176e-01
   8.7272316e+04   8.9980211e-01
   8.7302262e+04   8.9972880e-01
   8.7332195e+04   8.9967922e-01
   8.7360730e+04   8.9978539e-01
   8.7392301e+04   9.0006704e-01
   8.7422285e+04   8.9986582e-01
   8.7452281e+04   9.0022846e-01
   8.7483754e+04   9.0009723e-01
   8.7513699e+04   9.0019644e-01
   8.7543664e+04   9.0020649e-01
   8.7572207e+04   9.0040327e-01
   8.7600719e+04   9.0037183e-01
   8.7632098e+04   9.0063415e-01
   8.7661957e+04   9.0052256e-01
   8.7691996e+04   9.0072225e-01
   8.7723520e+04   9.0070264e-01
   8.7751980e+04   9.0082760e-01
   8.7781949e+04   9.0090398e-01
   8.7813457e+04   9.0102984e-01
   8.7843492e+04   9.0088894e-01
   8.7873539e+04   9.0111784e-01
   8.7902012e+04   9.0121276e-01
   8.7930465e+04   9.0128186e-01
   8.7960441e+04   9.0130536e-01
   8.7990395e+04   9.0125242e-01
   8.8021902e+04   9.0144513e-01
   8.8051867e+04   9.0142760e-01
   8.8080371e+04   9.0146137e-01
   8.8110426e+04   9.0158111e-01
   8.8141980e+04   9.0148779e-01
   8.8172008e+04   9.0185232e-01
   8.8200422e+04   9.0181126e-01
   8.8230367e+04   9.0198833e-01
   8.8260418e+04   9.0182373e-01
   8.8290402e+04   9.0192863e-01
   8.8320352e+04   9.0201699e-01
   8.8350312e+04   9.0214075e-01
   8.8380348e+04   9.0227836e-01
   8.8410348e+04   9.0210232e-01
   8.8440289e+04   9.0229352e-01
   8.8470270e+04   9.0237709e-01
   8.8500320e+04   9.0245912e-01
   8.8530449e+04   9.0252548e-01
   8.8560516e+04   9.0249436e-01
   8.8590512e+04   9.0280788e-01
   8.8620496e+04   9.0276994e-01
   8.8650504e+04   9.0277897e-01
   8.8680512e+04   9.0286485e-01
   8.8710543e+04   9.0282553e-01
   8.8740586e+04   9.0321204e-01
   8.8770508e+04   9.0289318e-01
   8.8800520e+04   9.0311260e-01
   8.8830516e+04   9.0321359e-01
   8.8860395e+04   9.0322399e-01
   8.8890430e+04   9.0348983e-01
   8.8920523e+04   9.0336722e-01
   8.8950488e+04   9.0337988e-01
   8.8980441e+04   9.0365422e-01
   8.9010449e+04   9.0358958e-01
   8.9040422e+04   9.0375429e-01
   8.9070402e+04   9.0354377e-01
   8.9100383e+04   9.0384121e-01
   8.9130383e+04   9.0396049e-01
   8.9160391e+04   9.0382296e-01
   8.9190355e+04   9.0399047e-01
   8.9220367e+04   9.0407757e-01
   8.9250410e+04   9.0412412e-01
   8.9280305e+04   9.0416302e-01
   8.9310301e+04   9.0411656e-01
   8.9340375e+04   9.0424190e-01
   8.9370352e+04   9.0426472e-01
   8.9400273e+04   9.0451338e-01
   8.9430207e+04   9.0438725e-01
   8.9460180e+04   9.0483367e-01
   8.9490129e+04   9.0454229e-01
   8.9520133e+04   9.0466587e-01
   8.9550176e+04   9.0475695e-01
   8.9580152e+04   9.0479717e-01
   8.9610094e+04   9.0487093e-01
   8.9640098e+04   9.0505675e-01
   8.9670109e+04   9.0492283e-01
   8.9700160e+04   9.0519668e-01
   8.9730125e+04   9.0512279e-01
   8.9760055e+04   9.0530576e-01
   8.9790098e+04   9.0531166e-01
   8.9821629e+04   9.0545012e-01
   8.9851570e+04   9.0535487e-01
   8.9880023e+04   9.0559437e-01
   8.9910098e+04   9.0549254e-01
   8.9940137e+04   9.0585053e-01
   8.9973164e+04   9.0575262e-01
   8.9998023e+04   9.0573684e-01
   8.9999559e+04   9.0556787e-01
