   4.3481524e+01   4.3818400e-01
   4.0209403e+01   5.8070580e+00
   4.0146199e+01   5.7846500e+00
   3.6868485e+01   6.2988020e+00
   3.6806599e+01   4.8930430e+00
   3.3532342e+01   4.5371920e+00
   3.3473273e+01   4.5192410e+00
   3.0194463e+01   4.1982730e+00
   3.0137630e+01   4.2160530e+00
   2.9133439e+01   3.5368580e+00
   2.9108005e+01   3.5151100e+00
   2.8604698e+01   3.8596900e+00
   2.8594847e+01   3.4096230e+00
   2.8090015e+01   3.7026910e+00
   2.8082800e+01   3.2961060e+00
   2.7581255e+01   3.5965720e+00
   2.7575443e+01   3.1796200e+00
   2.7074993e+01   3.4586140e+00
   2.7070019e+01   3.0634550e+00
   2.6570422e+01   2.9754370e+00
   2.6559844e+01   2.9564310e+00
   2.6065851e+01   2.8696720e+00
   2.6056372e+01   2.8342440e+00
   2.5560782e+01   3.0894610e+00
   2.5557813e+01   2.7230720e+00
   2.5058113e+01   2.9452490e+00
   2.5054606e+01   2.6218300e+00
   2.4556208e+01   2.5464950e+00
   2.4547809e+01   2.5302350e+00
   2.4051999e+01   2.7399520e+00
   2.4050708e+01   2.4355000e+00
   2.3550689e+01   2.6084220e+00
   2.3548223e+01   2.3383440e+00
   2.3048739e+01   2.5071800e+00
   2.3046104e+01   2.2521520e+00
   2.2547877e+01   2.1691880e+00
   2.2540576e+01   2.1603120e+00
   2.2044813e+01   2.3059700e+00
   2.2043024e+01   2.0579310e+00
   2.1543547e+01   2.2005650e+00
   2.1541487e+01   1.9895920e+00
   2.1042637e+01   2.1158620e+00
   2.1039804e+01   1.9341700e+00
   2.0541023e+01   2.0274980e+00
   2.0538363e+01   2.0369810e+00
   2.0043686e+01   1.9509450e+00
   2.0037095e+01   1.9598140e+00
   1.9542010e+01   1.9053640e+00
   1.9535931e+01   1.9111420e+00
   1.9041165e+01   2.0148469e+00
   1.9034522e+01   2.0375007e+00
   1.8540482e+01   1.8542648e+00
   1.8534810e+01   1.8680238e+00
   1.8040296e+01   1.9854862e+00
   1.8033700e+01   1.9926122e+00
   1.7539159e+01   1.8282084e+00
   1.7532291e+01   1.8503310e+00
   1.7039055e+01   1.9516610e+00
   1.7032546e+01   1.9604342e+00
   1.6534203e+01   1.8316256e+00
   1.6527744e+01   1.8379860e+00
   1.6034845e+01   1.9411029e+00
   1.6028709e+01   1.9507459e+00
   1.5536110e+01   1.8495793e+00
   1.5529425e+01   1.8649250e+00
   1.5037733e+01   1.9796392e+00
   1.5031095e+01   1.9853699e+00
   1.4536904e+01   1.9396331e+00
   1.4530515e+01   1.9453883e+00
   1.4037054e+01   2.0719610e+00
   1.4030091e+01   2.0888377e+00
   1.3537683e+01   2.0693006e+00
   1.3530780e+01   2.0780266e+00
   1.3037404e+01   2.2025175e+00
   1.3031054e+01   2.2113498e+00
   1.2537704e+01   2.2448016e+00
   1.2531482e+01   2.2438694e+00
   1.2038522e+01   2.3964388e+00
   1.2031551e+01   2.4091945e+00
   1.1539084e+01   2.5009003e+00
   1.1532558e+01   2.5028777e+00
   1.1039713e+01   2.6721054e+00
   1.1033134e+01   2.6736894e+00
   1.0540431e+01   2.8356895e+00
   1.0534557e+01   2.8368152e+00
   1.0041269e+01   3.0089469e+00
   1.0035692e+01   3.0139000e+00
   9.8898600e+00   3.1066164e+00
   9.8921565e+00   3.1042229e+00
   9.7909559e+00   3.1492182e+00
   9.7888335e+00   3.1494834e+00
   9.6900693e+00   3.1661292e+00
   9.6871248e+00   3.1646276e+00
   9.5850855e+00   3.2277270e+00
   9.5869445e+00   3.2265458e+00
   9.4865110e+00   3.2405353e+00
   9.4850759e+00   3.2417128e+00
   9.3853447e+00   3.3115936e+00
   9.3842435e+00   3.3131206e+00
   9.2849511e+00   3.3512007e+00
   9.2831108e+00   3.3510233e+00
   9.1840162e+00   3.4271394e+00
   9.1823427e+00   3.4274917e+00
   9.0834554e+00   3.4589584e+00
   9.0818396e+00   3.4569639e+00
   8.9827435e+00   3.5370696e+00
   8.9815216e+00   3.5368715e+00
   8.8825272e+00   3.5675811e+00
   8.8809239e+00   3.5695422e+00
   8.7819758e+00   3.6530345e+00
   8.7808723e+00   3.6518418e+00
   8.6819709e+00   3.6763679e+00
   8.6807856e+00   3.6750496e+00
   8.5816244e+00   3.7747096e+00
   8.5804398e+00   3.7725857e+00
   8.4816287e+00   3.7964308e+00
   8.4804806e+00   3.7948774e+00
   8.3817342e+00   3.9068520e+00
   8.3801034e+00   3.9063067e+00
   8.2817533e+00   3.9169611e+00
   8.2807536e+00   3.9177117e+00
   8.1814598e+00   4.0277518e+00
   8.1803981e+00   4.0283833e+00
   8.0817762e+00   4.0530069e+00
   8.0808522e+00   4.0525605e+00
   7.9815698e+00   4.1677048e+00
   7.9804553e+00   4.1683213e+00
   7.8815519e+00   4.1804334e+00
   7.8803570e+00   4.1810393e+00
   7.7812995e+00   4.2969702e+00
   7.7803293e+00   4.2980419e+00
   7.6816221e+00   4.3205132e+00
   7.6808906e+00   4.3211100e+00
   7.5818563e+00   4.4529727e+00
   7.5809192e+00   4.4546441e+00
   7.4818284e+00   4.4670263e+00
   7.4806190e+00   4.4665480e+00
   7.3820022e+00   4.6156026e+00
   7.3809323e+00   4.6122786e+00
   7.2823952e+00   4.6092919e+00
   7.2810920e+00   4.6099959e+00
   7.1823836e+00   4.7764546e+00
   7.1796796e+00   4.7807670e+00
   7.0813085e+00   4.7882453e+00
   7.0806881e+00   4.7890238e+00
   6.9816160e+00   4.9445040e+00
   6.9811007e+00   4.9441983e+00
   6.8822350e+00   4.9659535e+00
   6.8806467e+00   4.9636149e+00
   6.7823336e+00   5.1362546e+00
   6.7810444e+00   5.1367969e+00
   6.6826725e+00   5.1324578e+00
   6.6847266e+00   5.1320257e+00
   6.5834631e+00   5.3011788e+00
   6.5817003e+00   5.3019399e+00
   6.4841110e+00   5.2969351e+00
   6.4869103e+00   5.3113528e+00
   6.3818554e+00   5.4856261e+00
   6.3810768e+00   5.4872413e+00
   6.2820336e+00   5.4989615e+00
   6.2807900e+00   5.5004522e+00
   6.1826623e+00   5.7087676e+00
   6.1852183e+00   5.7096790e+00
   6.0837723e+00   5.7047432e+00
   6.0813541e+00   5.7049304e+00
   5.9827049e+00   5.8915845e+00
   5.9815656e+00   5.8912340e+00
   5.8829182e+00   5.8904482e+00
   5.8823442e+00   5.8917113e+00
   5.7831670e+00   6.0960327e+00
   5.7820407e+00   6.0944575e+00
   5.6835732e+00   6.1061795e+00
   5.6828005e+00   6.1064680e+00
   5.5832997e+00   6.3016895e+00
   5.5826012e+00   6.3026437e+00
   5.4838074e+00   6.3234730e+00
   5.4826144e+00   6.3239439e+00
   5.3842017e+00   6.5081679e+00
   5.3830298e+00   6.5101870e+00
   5.2840028e+00   6.5181463e+00
   5.2835575e+00   6.5182415e+00
   5.1848669e+00   6.7095936e+00
   5.1832655e+00   6.7087300e+00
   5.0850140e+00   6.7250546e+00
   5.0837642e+00   6.7241458e+00
   4.9850132e+00   6.9154729e+00
   4.9835714e+00   6.9137735e+00
   4.8853123e+00   6.9277278e+00
   4.8840024e+00   6.9282235e+00
   4.7852897e+00   7.1088969e+00
   4.7848199e+00   7.1060947e+00
   4.6852902e+00   7.1139709e+00
   4.6843772e+00   7.1139795e+00
   4.5856277e+00   7.2912651e+00
   4.5853645e+00   7.2928965e+00
   4.4862962e+00   7.4544354e+00
   4.4861645e+00   7.4584334e+00
   4.3862599e+00   7.4494815e+00
   4.3857141e+00   7.4504989e+00
   4.2875823e+00   7.5919445e+00
   4.2857517e+00   7.5887361e+00
   4.1867175e+00   7.6035875e+00
   4.1860340e+00   7.6033524e+00
   4.0868657e+00   7.6890199e+00
   4.0861178e+00   7.6886798e+00
   3.9875438e+00   7.7374694e+00
   3.9868694e+00   7.7368055e+00
   3.8880766e+00   7.7429011e+00
   3.8869928e+00   7.7439634e+00
   3.7882709e+00   7.7586381e+00
   3.7873369e+00   7.7589036e+00
   3.6896252e+00   7.7553006e+00
   3.6881085e+00   7.7542598e+00
   3.5895279e+00   7.7495870e+00
   3.5887332e+00   7.7509062e+00
   3.4889245e+00   7.6776509e+00
   3.4881518e+00   7.6775102e+00
   3.3884565e+00   7.7068148e+00
   3.3872114e+00   7.7067097e+00
   3.2883486e+00   7.5283326e+00
   3.2869462e+00   7.5279345e+00
   3.1885477e+00   7.5424416e+00
   3.1890119e+00   7.5435240e+00
   3.0892966e+00   7.3041194e+00
   3.0884535e+00   7.3041950e+00
   2.9897669e+00   7.2832363e+00
   2.9886290e+00   7.2829011e+00
   2.8901667e+00   6.9317011e+00
   2.8890691e+00   6.9315761e+00
   2.7911188e+00   6.9307993e+00
   2.7903418e+00   6.9316983e+00
   2.6909875e+00   6.4462787e+00
   2.6906479e+00   6.4459088e+00
   2.5919183e+00   6.4759421e+00
   2.5912848e+00   6.4758780e+00
   2.4923014e+00   5.8326825e+00
   2.4916311e+00   5.8326661e+00
   2.3930432e+00   5.8421603e+00
   2.3924899e+00   5.8422729e+00
   2.2925369e+00   5.0994461e+00
   2.2916401e+00   5.0991092e+00
   2.1937514e+00   5.0739532e+00
   2.1924657e+00   5.0740330e+00
   2.0942063e+00   4.2338998e+00
   2.0934434e+00   4.2337221e+00
   1.9953195e+00   4.2118791e+00
   1.9944662e+00   4.2116994e+00
   1.8952028e+00   3.2540700e+00
   1.8946964e+00   3.2539356e+00
