   4.3481524e+01  -7.2870300e-01
   4.0209403e+01   6.2604010e+00
   4.0146199e+01   6.2379930e+00
   3.6868485e+01   6.2150780e+00
   3.6806599e+01   6.3037640e+00
   3.3532342e+01   6.2827730e+00
   3.3473273e+01   4.8729130e+00
   3.0194463e+01   4.7277890e+00
   3.0137630e+01   4.8068520e+00
   2.9133439e+01   4.1197780e+00
   2.9108005e+01   4.0980300e+00
   2.8604698e+01   4.4629780e+00
   2.8594847e+01   4.0129110e+00
   2.8090015e+01   4.3342760e+00
   2.8082800e+01   3.9276910e+00
   2.7581255e+01   4.2779680e+00
   2.7575443e+01   3.8610160e+00
   2.7074993e+01   4.1626430e+00
   2.7070019e+01   3.7674840e+00
   2.6570422e+01   3.7143920e+00
   2.6559844e+01   3.6953860e+00
   2.6065851e+01   3.6333950e+00
   2.6056372e+01   3.5979670e+00
   2.5560782e+01   3.9155690e+00
   2.5557813e+01   3.5491800e+00
   2.5058113e+01   3.7964950e+00
   2.5054606e+01   3.4730760e+00
   2.4556208e+01   3.4735080e+00
   2.4547809e+01   3.4572480e+00
   2.4051999e+01   3.7045100e+00
   2.4050708e+01   3.4000580e+00
   2.3550689e+01   3.6557860e+00
   2.3548223e+01   3.3857080e+00
   2.3048739e+01   3.5931350e+00
   2.3046104e+01   3.3381070e+00
   2.2547877e+01   3.3297510e+00
   2.2540576e+01   3.3208750e+00
   2.2044813e+01   3.5236310e+00
   2.2043024e+01   3.2755920e+00
   2.1543547e+01   3.4827550e+00
   2.1541487e+01   3.2717820e+00
   2.1042637e+01   3.4727420e+00
   2.1039804e+01   3.2910500e+00
   2.0541023e+01   3.4926440e+00
   2.0538363e+01   3.5021270e+00
   2.0043686e+01   3.4801010e+00
   2.0037095e+01   3.4889700e+00
   1.9542010e+01   3.5534410e+00
   1.9535931e+01   3.5592190e+00
   1.9041165e+01   3.7357149e+00
   1.9034522e+01   3.7583687e+00
   1.8540482e+01   3.6917988e+00
   1.8534810e+01   3.7055578e+00
   1.8040296e+01   3.9125539e+00
   1.8033700e+01   3.9196799e+00
   1.7539159e+01   3.9148930e+00
   1.7532291e+01   3.9370156e+00
   1.7039055e+01   4.1613249e+00
   1.7032546e+01   4.1700981e+00
   1.6534203e+01   4.2076485e+00
   1.6527744e+01   4.2140089e+00
   1.6034845e+01   4.4419196e+00
   1.6028709e+01   4.4515626e+00
   1.5536110e+01   4.5224510e+00
   1.5529425e+01   4.5377967e+00
   1.5037733e+01   4.7758080e+00
   1.5031095e+01   4.7815387e+00
   1.4536904e+01   4.9264712e+00
   1.4530515e+01   4.9322264e+00
   1.4037054e+01   5.1982267e+00
   1.4030091e+01   5.2151034e+00
   1.3537683e+01   5.4164401e+00
   1.3530780e+01   5.4228831e+00
   1.3037404e+01   5.6687338e+00
   1.3031054e+01   5.6775661e+00
   1.2537704e+01   5.9700222e+00
   1.2531482e+01   5.9690900e+00
   1.2038522e+01   6.2826627e+00
   1.2031551e+01   6.2954184e+00
   1.1539084e+01   6.5935309e+00
   1.1532558e+01   6.5955083e+00
   1.1039713e+01   6.9472978e+00
   1.1033134e+01   6.9488818e+00
   1.0540431e+01   7.2648051e+00
   1.0534557e+01   7.2659308e+00
   1.0041269e+01   7.6235027e+00
   1.0035692e+01   7.6284558e+00
   9.8898600e+00   7.5507229e+00
   9.8921565e+00   7.5483294e+00
   9.7909559e+00   7.7741020e+00
   9.7888335e+00   7.7743672e+00
   9.6900693e+00   7.8088754e+00
   9.6871248e+00   7.8073738e+00
   9.5850855e+00   7.7777122e+00
   9.5869445e+00   7.7765310e+00
   9.4865110e+00   7.9580954e+00
   9.4850759e+00   7.9592729e+00
   9.3853447e+00   8.0239245e+00
   9.3842435e+00   8.0254515e+00
   9.2849511e+00   8.0519046e+00
   9.2831108e+00   8.0517272e+00
   9.1840162e+00   8.1479533e+00
   9.1823427e+00   8.1483055e+00
   9.0834554e+00   8.1775435e+00
   9.0818396e+00   8.1755490e+00
   8.9827435e+00   8.2876852e+00
   8.9815216e+00   8.2874871e+00
   8.8825272e+00   8.2978495e+00
   8.8809239e+00   8.2998106e+00
   8.7819758e+00   8.4036510e+00
   8.7808723e+00   8.4024583e+00
   8.6819709e+00   8.4262224e+00
   8.6807856e+00   8.4249041e+00
   8.5816244e+00   8.5079756e+00
   8.5804398e+00   8.5058517e+00
   8.4816287e+00   8.5232956e+00
   8.4804806e+00   8.5217422e+00
   8.3817342e+00   8.6140872e+00
   8.3801034e+00   8.6135419e+00
   8.2817533e+00   8.6279333e+00
   8.2807536e+00   8.6286839e+00
   8.1814598e+00   8.6948534e+00
   8.1803981e+00   8.6954849e+00
   8.0817762e+00   8.7211882e+00
   8.0808522e+00   8.7207418e+00
   7.9815698e+00   8.7668647e+00
   7.9804553e+00   8.7674812e+00
   7.8815519e+00   8.8052823e+00
   7.8803570e+00   8.8058882e+00
   7.7812995e+00   8.8136696e+00
   7.7803293e+00   8.8147413e+00
   7.6816221e+00   8.8377735e+00
   7.6808906e+00   8.8383703e+00
   7.5818563e+00   8.8361825e+00
   7.5809192e+00   8.8378539e+00
   7.4818284e+00   8.8633485e+00
   7.4806190e+00   8.8628702e+00
   7.3820022e+00   8.8590739e+00
   7.3809323e+00   8.8557499e+00
   7.2823952e+00   8.8355840e+00
   7.2810920e+00   8.8362880e+00
   7.1823836e+00   8.8463531e+00
   7.1796796e+00   8.8506655e+00
   7.0813085e+00   8.7663771e+00
   7.0806881e+00   8.7671556e+00
   6.9816160e+00   8.8026284e+00
   6.9811007e+00   8.8023227e+00
   6.8822350e+00   8.7044097e+00
   6.8806467e+00   8.7020711e+00
   6.7823336e+00   8.7109733e+00
   6.7810444e+00   8.7115156e+00
   6.6826725e+00   8.5907996e+00
   6.6847266e+00   8.5903675e+00
   6.5834631e+00   8.5895520e+00
   6.5817003e+00   8.5903131e+00
   6.4841110e+00   8.4189317e+00
   6.4869103e+00   8.4333494e+00
   6.3818554e+00   8.4338836e+00
   6.3810768e+00   8.4354988e+00
   6.2820336e+00   8.2422208e+00
   6.2807900e+00   8.2437115e+00
   6.1826623e+00   8.2318386e+00
   6.1852183e+00   8.2327500e+00
   6.0837723e+00   8.0172988e+00
   6.0813541e+00   8.0174861e+00
   5.9827049e+00   8.0268793e+00
   5.9815656e+00   8.0265288e+00
   5.8829182e+00   7.7501231e+00
   5.8823442e+00   7.7513862e+00
   5.7831670e+00   7.7738189e+00
   5.7820407e+00   7.7722437e+00
   5.6835732e+00   7.4749837e+00
   5.6828005e+00   7.4752722e+00
   5.5832997e+00   7.4729303e+00
   5.5826012e+00   7.4738845e+00
   5.4838074e+00   7.1600889e+00
   5.4826144e+00   7.1605598e+00
   5.3842017e+00   7.1655117e+00
   5.3830298e+00   7.1675308e+00
   5.2840028e+00   6.8112189e+00
   5.2835575e+00   6.8113141e+00
   5.1848669e+00   6.8270237e+00
   5.1832655e+00   6.8261601e+00
   5.0850140e+00   6.4234508e+00
   5.0837642e+00   6.4225420e+00
   4.9850132e+00   6.4277020e+00
   4.9835714e+00   6.4260026e+00
   4.8853123e+00   6.0030113e+00
   4.8840024e+00   6.0035070e+00
   4.7852897e+00   6.0126678e+00
   4.7848199e+00   6.0098656e+00
   4.6852902e+00   5.5499543e+00
   4.6843772e+00   5.5499629e+00
   4.5856277e+00   5.5642111e+00
   4.5853645e+00   5.5658425e+00
   4.4862962e+00   5.0886320e+00
   4.4861645e+00   5.0926300e+00
   4.3862599e+00   5.1046434e+00
   4.3857141e+00   5.1056608e+00
   4.2875823e+00   4.6106243e+00
   4.2857517e+00   4.6074159e+00
   4.1867175e+00   4.5954137e+00
   4.1860340e+00   4.5951786e+00
   4.0868657e+00   4.1097703e+00
   4.0861178e+00   4.1094302e+00
   3.9875438e+00   4.1033951e+00
   3.9868694e+00   4.1027312e+00
   3.8880766e+00   3.5985046e+00
   3.8869928e+00   3.5995669e+00
   3.7882709e+00   3.5939746e+00
   3.7873369e+00   3.5942401e+00
   3.6896252e+00   3.0872624e+00
   3.6881085e+00   3.0862216e+00
   3.5895279e+00   3.0732207e+00
   3.5887332e+00   3.0745399e+00
   3.4889245e+00   2.5815741e+00
   3.4881518e+00   2.5814334e+00
   3.3884565e+00   2.5729785e+00
   3.3872114e+00   2.5728734e+00
   3.2883486e+00   2.0994359e+00
   3.2869462e+00   2.0990378e+00
   3.1885477e+00   2.0991539e+00
   3.1890119e+00   2.1002363e+00
   3.0892966e+00   1.6569449e+00
   3.0884535e+00   1.6570205e+00
   2.9897669e+00   1.6498083e+00
   2.9886290e+00   1.6494731e+00
   2.8901667e+00   1.2612454e+00
   2.8890691e+00   1.2611204e+00
   2.7911188e+00   1.2501714e+00
   2.7903418e+00   1.2510704e+00
   2.6909875e+00   9.1386804e-01
   2.6906479e+00   9.1349810e-01
   2.5919183e+00   9.1194729e-01
   2.5912848e+00   9.1188316e-01
   2.4923014e+00   6.2845818e-01
   2.4916311e+00   6.2844175e-01
   2.3930432e+00   6.3077771e-01
   2.3924899e+00   6.3089027e-01
   2.2925369e+00   4.0347610e-01
   2.2916401e+00   4.0313926e-01
   2.1937514e+00   4.0349122e-01
   2.1924657e+00   4.0357101e-01
   2.0942063e+00   4.0438157e-01
   2.0934434e+00   4.0420385e-01
   1.9953195e+00   2.3753775e-01
   1.9944662e+00   2.3735812e-01
   1.8952028e+00   2.3834952e-01
   1.8946964e+00   2.3821512e-01
