   4.3481524e+01  -9.6816100e-01
   4.0209403e+01   6.0209430e+00
   4.0146199e+01   5.9985350e+00
   3.6868485e+01   5.9414210e+00
   3.6806599e+01   6.0317700e+00
   3.3532342e+01   5.8584450e+00
   3.3473273e+01   4.4378020e+00
   3.0194463e+01   4.2191510e+00
   3.0137630e+01   4.2763380e+00
   2.9133439e+01   3.5803640e+00
   2.9108005e+01   3.5586160e+00
   2.8604698e+01   3.8671060e+00
   2.8594847e+01   3.4170390e+00
   2.8090015e+01   3.7195270e+00
   2.8082800e+01   3.3129420e+00
   2.7581255e+01   3.6362230e+00
   2.7575443e+01   3.2192710e+00
   2.7074993e+01   3.4886220e+00
   2.7070019e+01   3.0934630e+00
   2.6570422e+01   3.0136770e+00
   2.6559844e+01   2.9946710e+00
   2.6065851e+01   2.9072130e+00
   2.6056372e+01   2.8717850e+00
   2.5560782e+01   3.1552560e+00
   2.5557813e+01   2.7888670e+00
   2.5058113e+01   3.0171680e+00
   2.5054606e+01   2.6937490e+00
   2.4556208e+01   2.6285450e+00
   2.4547809e+01   2.6122850e+00
   2.4051999e+01   2.8209030e+00
   2.4050708e+01   2.5164510e+00
   2.3550689e+01   2.7019270e+00
   2.3548223e+01   2.4318490e+00
   2.3048739e+01   2.6180340e+00
   2.3046104e+01   2.3630060e+00
   2.2547877e+01   2.2904600e+00
   2.2540576e+01   2.2815840e+00
   2.2044813e+01   2.4409900e+00
   2.2043024e+01   2.1929510e+00
   2.1543547e+01   2.3457970e+00
   2.1541487e+01   2.1348240e+00
   2.1042637e+01   2.2787500e+00
   2.1039804e+01   2.0970580e+00
   2.0541023e+01   2.2290960e+00
   2.0538363e+01   2.2385790e+00
   2.0043686e+01   2.1544210e+00
   2.0037095e+01   2.1632900e+00
   1.9542010e+01   2.1201250e+00
   1.9535931e+01   2.1259030e+00
   1.9041165e+01   2.2491649e+00
   1.9034522e+01   2.2718187e+00
   1.8540482e+01   2.0911788e+00
   1.8534810e+01   2.1049378e+00
   1.8040296e+01   2.2207299e+00
   1.8033700e+01   2.2278559e+00
   1.7539159e+01   2.0758900e+00
   1.7532291e+01   2.0980126e+00
   1.7039055e+01   2.2360189e+00
   1.7032546e+01   2.2447921e+00
   1.6534203e+01   2.1542904e+00
   1.6527744e+01   2.1606508e+00
   1.6034845e+01   2.2876185e+00
   1.6028709e+01   2.2972615e+00
   1.5536110e+01   2.2429534e+00
   1.5529425e+01   2.2582991e+00
   1.5037733e+01   2.4234758e+00
   1.5031095e+01   2.4292065e+00
   1.4536904e+01   2.4515151e+00
   1.4530515e+01   2.4572703e+00
   1.4037054e+01   2.6283697e+00
   1.4030091e+01   2.6452464e+00
   1.3537683e+01   2.6947417e+00
   1.3530780e+01   2.7034677e+00
   1.3037404e+01   2.8817991e+00
   1.3031054e+01   2.8906314e+00
   1.2537704e+01   3.0091828e+00
   1.2531482e+01   3.0082506e+00
   1.2038522e+01   3.2148863e+00
   1.2031551e+01   3.2276420e+00
   1.1539084e+01   3.4142492e+00
   1.1532558e+01   3.4162266e+00
   1.1039713e+01   3.6556920e+00
   1.1033134e+01   3.6516813e+00
   1.0540431e+01   3.9154109e+00
   1.0534557e+01   3.9158664e+00
   1.0041269e+01   4.1518917e+00
   1.0035692e+01   4.1568448e+00
   9.8898600e+00   4.2895203e+00
   9.8921565e+00   4.2871268e+00
   9.7909559e+00   4.3638926e+00
   9.7888335e+00   4.3641578e+00
   9.6900693e+00   4.3986548e+00
   9.6871248e+00   4.3971532e+00
   9.5850855e+00   4.4907968e+00
   9.5869445e+00   4.4896156e+00
   9.4865110e+00   4.4834830e+00
   9.4850759e+00   4.4846606e+00
   9.3853447e+00   4.6357825e+00
   9.3842435e+00   4.6373095e+00
   9.2849511e+00   4.6677600e+00
   9.2831108e+00   4.6675826e+00
   9.1840162e+00   4.7897391e+00
   9.1823427e+00   4.7900913e+00
   9.0834554e+00   4.8159071e+00
   9.0818396e+00   4.8139126e+00
   8.9827435e+00   4.9461268e+00
   8.9815216e+00   4.9459288e+00
   8.8825272e+00   4.9682673e+00
   8.8809239e+00   4.9702284e+00
   8.7819758e+00   5.1096599e+00
   8.7808723e+00   5.1084673e+00
   8.6819709e+00   5.1280542e+00
   8.6807856e+00   5.1267359e+00
   8.5816244e+00   5.2869706e+00
   8.5804398e+00   5.2848467e+00
   8.4816287e+00   5.2958084e+00
   8.4804806e+00   5.2942550e+00
   8.3817342e+00   5.4430577e+00
   8.3801034e+00   5.4425124e+00
   8.2817533e+00   5.4706207e+00
   8.2807536e+00   5.4713713e+00
   8.1814598e+00   5.6195262e+00
   8.1803981e+00   5.6201577e+00
   8.0817762e+00   5.6377410e+00
   8.0808522e+00   5.6372946e+00
   7.9815698e+00   5.8034273e+00
   7.9804553e+00   5.8040438e+00
   7.8815519e+00   5.8228515e+00
   7.8803570e+00   5.8234574e+00
   7.7812995e+00   5.9754180e+00
   7.7803293e+00   5.9764897e+00
   7.6816221e+00   6.0002460e+00
   7.6808906e+00   6.0008428e+00
   7.5818563e+00   6.1744768e+00
   7.5809192e+00   6.1761482e+00
   7.4818284e+00   6.1923595e+00
   7.4806190e+00   6.1918812e+00
   7.3820022e+00   6.3746849e+00
   7.3809323e+00   6.3713609e+00
   7.2823952e+00   6.3957232e+00
   7.2810920e+00   6.3964272e+00
   7.1823836e+00   6.5764330e+00
   7.1796796e+00   6.5807454e+00
   7.0813085e+00   6.5837072e+00
   7.0806881e+00   6.5844857e+00
   6.9816160e+00   6.7667031e+00
   6.9811007e+00   6.7663974e+00
   6.8822350e+00   6.7862458e+00
   6.8806467e+00   6.7839072e+00
   6.7823336e+00   6.9656430e+00
   6.7810444e+00   6.9661853e+00
   6.6826725e+00   6.9682886e+00
   6.6847266e+00   6.9678565e+00
   6.5834631e+00   7.1402777e+00
   6.5817003e+00   7.1410388e+00
   6.4841110e+00   7.1368540e+00
   6.4869103e+00   7.1512717e+00
   6.3818554e+00   7.3447825e+00
   6.3810768e+00   7.3463977e+00
   6.2820336e+00   7.3548173e+00
   6.2807900e+00   7.3563080e+00
   6.1826623e+00   7.5374386e+00
   6.1852183e+00   7.5383500e+00
   6.0837723e+00   7.5311070e+00
   6.0813541e+00   7.5312943e+00
   5.9827049e+00   7.7026377e+00
   5.9815656e+00   7.7022872e+00
   5.8829182e+00   7.6972000e+00
   5.8823442e+00   7.6984631e+00
   5.7831670e+00   7.8623987e+00
   5.7820407e+00   7.8608235e+00
   5.6835732e+00   7.8538795e+00
   5.6828005e+00   7.8541680e+00
   5.5832997e+00   8.0040771e+00
   5.5826012e+00   8.0050313e+00
   5.4838074e+00   8.0133849e+00
   5.4826144e+00   8.0138558e+00
   5.3842017e+00   8.1396803e+00
   5.3830298e+00   8.1416994e+00
   5.2840028e+00   8.1321706e+00
   5.2835575e+00   8.1322658e+00
   5.1848669e+00   8.2270650e+00
   5.1832655e+00   8.2262014e+00
   5.0850140e+00   8.2453721e+00
   5.0837642e+00   8.2444633e+00
   4.9850132e+00   8.3210558e+00
   4.9835714e+00   8.3193564e+00
   4.8853123e+00   8.3188916e+00
   4.8840024e+00   8.3519610e+00
   4.7852897e+00   8.3672510e+00
   4.7848199e+00   8.3644488e+00
   4.6852902e+00   8.3355577e+00
   4.6843772e+00   8.3355663e+00
   4.5856277e+00   8.3454151e+00
   4.5853645e+00   8.3470465e+00
   4.4862962e+00   8.2681405e+00
   4.4861645e+00   8.2721385e+00
   4.3862599e+00   8.2844417e+00
   4.3857141e+00   8.2854591e+00
   4.2875823e+00   8.1529960e+00
   4.2857517e+00   8.1497876e+00
   4.1867175e+00   8.1484501e+00
   4.1860340e+00   8.1482150e+00
   4.0868657e+00   7.9809759e+00
   4.0861178e+00   7.9806358e+00
   3.9875438e+00   7.9710830e+00
   3.9868694e+00   7.9704191e+00
   3.8880766e+00   7.7203842e+00
   3.8869928e+00   7.7214465e+00
   3.7882709e+00   7.7242123e+00
   3.7873369e+00   7.7244778e+00
   3.6896252e+00   7.3572714e+00
   3.6881085e+00   7.3562306e+00
   3.5895279e+00   7.3601080e+00
   3.5887332e+00   7.3614272e+00
   3.4889245e+00   6.8993487e+00
   3.4881518e+00   6.8992080e+00
   3.3884565e+00   6.9023741e+00
   3.3872114e+00   6.9022690e+00
   3.2883486e+00   6.3595920e+00
   3.2869462e+00   6.3591939e+00
   3.1885477e+00   6.3565769e+00
   3.1890119e+00   6.3576593e+00
   3.0892966e+00   5.7338784e+00
   3.0884535e+00   5.7339540e+00
   2.9897669e+00   5.7203815e+00
   2.9886290e+00   5.7200463e+00
   2.8901667e+00   5.0663573e+00
   2.8890691e+00   5.0662323e+00
   2.7911188e+00   5.0564164e+00
   2.7903418e+00   5.0573154e+00
   2.6909875e+00   4.3349499e+00
   2.6906479e+00   4.3345800e+00
   2.5919183e+00   4.3269240e+00
   2.5912848e+00   4.3268599e+00
   2.4923014e+00   3.5533911e+00
   2.4916311e+00   3.5533747e+00
   2.3930432e+00   3.5469500e+00
   2.3924899e+00   3.5470626e+00
   2.2925369e+00   2.7407177e+00
   2.2916401e+00   2.7403808e+00
   2.1937514e+00   2.7459426e+00
   2.1924657e+00   2.7460224e+00
   2.0942063e+00   2.0016393e+00
   2.0934434e+00   2.0014616e+00
   1.9953195e+00   2.0019022e+00
   1.9944662e+00   2.0017225e+00
   1.8952028e+00   1.3323749e+00
   1.8946964e+00   1.3322405e+00
