   4.3481524e+01  -1.0023270e+00
   4.0209403e+01   5.9867770e+00
   4.0146199e+01   5.9643690e+00
   3.6868485e+01   5.8937160e+00
   3.6806599e+01   5.9756940e+00
   3.3532342e+01   5.7639250e+00
   3.3473273e+01   4.3649950e+00
   3.0194463e+01   4.1479140e+00
   3.0137630e+01   4.1827310e+00
   2.9133439e+01   3.4554230e+00
   2.9108005e+01   3.4336750e+00
   2.8604698e+01   3.7829500e+00
   2.8594847e+01   3.3328830e+00
   2.8090015e+01   3.6341900e+00
   2.8082800e+01   3.2276050e+00
   2.7581255e+01   3.5412370e+00
   2.7575443e+01   3.1242850e+00
   2.7074993e+01   3.4022220e+00
   2.7070019e+01   3.0070630e+00
   2.6570422e+01   2.9042720e+00
   2.6559844e+01   2.8852660e+00
   2.6065851e+01   2.8027880e+00
   2.6056372e+01   2.7673600e+00
   2.5560782e+01   3.0220760e+00
   2.5557813e+01   2.6556870e+00
   2.5058113e+01   2.9068580e+00
   2.5054606e+01   2.5834390e+00
   2.4556208e+01   2.4889980e+00
   2.4547809e+01   2.4727380e+00
   2.4051999e+01   2.6840210e+00
   2.4050708e+01   2.3795690e+00
   2.3550689e+01   2.5586580e+00
   2.3548223e+01   2.2885800e+00
   2.3048739e+01   2.4523460e+00
   2.3046104e+01   2.1973180e+00
   2.2547877e+01   2.1146450e+00
   2.2540576e+01   2.1057690e+00
   2.2044813e+01   2.2696790e+00
   2.2043024e+01   2.0216400e+00
   2.1543547e+01   2.1591450e+00
   2.1541487e+01   1.9481720e+00
   2.1042637e+01   2.0891200e+00
   2.1039804e+01   1.9074280e+00
   2.0541023e+01   2.0177760e+00
   2.0538363e+01   2.0272590e+00
   2.0043686e+01   1.9365270e+00
   2.0037095e+01   1.9453960e+00
   1.9542010e+01   1.8862230e+00
   1.9535931e+01   1.8920010e+00
   1.9041165e+01   1.9978229e+00
   1.9034522e+01   2.0204767e+00
   1.8540482e+01   1.8134068e+00
   1.8534810e+01   1.8271658e+00
   1.8040296e+01   1.9435620e+00
   1.8033700e+01   1.9506880e+00
   1.7539159e+01   1.7915993e+00
   1.7532291e+01   1.8137219e+00
   1.7039055e+01   1.9340801e+00
   1.7032546e+01   1.9428533e+00
   1.6534203e+01   1.8341912e+00
   1.6527744e+01   1.8405516e+00
   1.6034845e+01   1.9583428e+00
   1.6028709e+01   1.9679858e+00
   1.5536110e+01   1.8873716e+00
   1.5529425e+01   1.9027173e+00
   1.5037733e+01   2.0330186e+00
   1.5031095e+01   2.0387493e+00
   1.4536904e+01   2.0108342e+00
   1.4530515e+01   2.0165894e+00
   1.4037054e+01   2.1583188e+00
   1.4030091e+01   2.1751955e+00
   1.3537683e+01   2.1933608e+00
   1.3530780e+01   2.2020868e+00
   1.3037404e+01   2.3380727e+00
   1.3031054e+01   2.3469050e+00
   1.2537704e+01   2.4214372e+00
   1.2531482e+01   2.4205050e+00
   1.2038522e+01   2.5792078e+00
   1.2031551e+01   2.5919635e+00
   1.1539084e+01   2.7255727e+00
   1.1532558e+01   2.7275501e+00
   1.1039713e+01   2.9213662e+00
   1.1033134e+01   2.9008415e+00
   1.0540431e+01   3.0967273e+00
   1.0534557e+01   3.1009076e+00
   1.0041269e+01   3.2990920e+00
   1.0035692e+01   3.3040451e+00
   9.8898600e+00   3.4017239e+00
   9.8921565e+00   3.3993304e+00
   9.7909559e+00   3.4447957e+00
   9.7888335e+00   3.4450609e+00
   9.6900693e+00   3.4842151e+00
   9.6871248e+00   3.4827135e+00
   9.5850855e+00   3.5498402e+00
   9.5869445e+00   3.5486590e+00
   9.4865110e+00   3.5625830e+00
   9.4850759e+00   3.5637605e+00
   9.3853447e+00   3.6737260e+00
   9.3842435e+00   3.6752530e+00
   9.2849511e+00   3.6959225e+00
   9.2831108e+00   3.6957451e+00
   9.1840162e+00   3.7871117e+00
   9.1823427e+00   3.7874640e+00
   9.0834554e+00   3.8175563e+00
   9.0818396e+00   3.8155618e+00
   8.9827435e+00   3.9155736e+00
   8.9815216e+00   3.9153756e+00
   8.8825272e+00   3.9447243e+00
   8.8809239e+00   3.9466854e+00
   8.7819758e+00   4.0440756e+00
   8.7808723e+00   4.0428830e+00
   8.6819709e+00   4.0707389e+00
   8.6807856e+00   4.0694206e+00
   8.5816244e+00   4.1945347e+00
   8.5804398e+00   4.1924108e+00
   8.4816287e+00   4.2006572e+00
   8.4804806e+00   4.1991038e+00
   8.3817342e+00   4.3295774e+00
   8.3801034e+00   4.3290321e+00
   8.2817533e+00   4.3484547e+00
   8.2807536e+00   4.3492053e+00
   8.1814598e+00   4.4734183e+00
   8.1803981e+00   4.4740498e+00
   8.0817762e+00   4.4929447e+00
   8.0808522e+00   4.4924983e+00
   7.9815698e+00   4.6248937e+00
   7.9804553e+00   4.6255102e+00
   7.8815519e+00   4.6487338e+00
   7.8803570e+00   4.6493397e+00
   7.7812995e+00   4.7840452e+00
   7.7803293e+00   4.7851169e+00
   7.6816221e+00   4.7930976e+00
   7.6808906e+00   4.7936944e+00
   7.5818563e+00   4.9649581e+00
   7.5809192e+00   4.9666295e+00
   7.4818284e+00   4.9793571e+00
   7.4806190e+00   4.9788788e+00
   7.3820022e+00   5.1415167e+00
   7.3809323e+00   5.1381927e+00
   7.2823952e+00   5.1433454e+00
   7.2810920e+00   5.1440494e+00
   7.1823836e+00   5.3140224e+00
   7.1796796e+00   5.3183348e+00
   7.0813085e+00   5.3184206e+00
   7.0806881e+00   5.3191991e+00
   6.9816160e+00   5.4996905e+00
   6.9811007e+00   5.4993848e+00
   6.8822350e+00   5.5154031e+00
   6.8806467e+00   5.5130645e+00
   6.7823336e+00   5.6847362e+00
   6.7810444e+00   5.6852785e+00
   6.6826725e+00   5.6935450e+00
   6.6847266e+00   5.6931129e+00
   6.5834631e+00   5.8811969e+00
   6.5817003e+00   5.8819580e+00
   6.4841110e+00   5.8779108e+00
   6.4869103e+00   5.8923285e+00
   6.3818554e+00   6.0771008e+00
   6.3810768e+00   6.0787160e+00
   6.2820336e+00   6.0765537e+00
   6.2807900e+00   6.0780444e+00
   6.1826623e+00   6.2804988e+00
   6.1852183e+00   6.2814102e+00
   6.0837723e+00   6.2930057e+00
   6.0813541e+00   6.2931929e+00
   5.9827049e+00   6.4886380e+00
   5.9815656e+00   6.4882875e+00
   5.8829182e+00   6.4893661e+00
   5.8823442e+00   6.4906292e+00
   5.7831670e+00   6.7000619e+00
   5.7820407e+00   6.6984867e+00
   5.6835732e+00   6.6902565e+00
   5.6828005e+00   6.6905450e+00
   5.5832997e+00   6.9139929e+00
   5.5826012e+00   6.9149471e+00
   5.4838074e+00   6.9105094e+00
   5.4826144e+00   6.9109803e+00
   5.3842017e+00   7.0949588e+00
   5.3830298e+00   7.0969779e+00
   5.2840028e+00   7.1190739e+00
   5.2835575e+00   7.1191691e+00
   5.1848669e+00   7.3123147e+00
   5.1832655e+00   7.3114511e+00
   5.0850140e+00   7.2948353e+00
   5.0837642e+00   7.2939265e+00
   4.9850132e+00   7.4648942e+00
   4.9835714e+00   7.4631948e+00
   4.8853123e+00   7.4806237e+00
   4.8840024e+00   7.4811194e+00
   4.7852897e+00   7.6345431e+00
   4.7848199e+00   7.6317409e+00
   4.6852902e+00   7.6362499e+00
   4.6843772e+00   7.6362585e+00
   4.5856277e+00   7.7663058e+00
   4.5853645e+00   7.7801645e+00
   4.4862962e+00   7.9104502e+00
   4.4861645e+00   7.9144482e+00
   4.3862599e+00   7.8902368e+00
   4.3857141e+00   7.8912542e+00
   4.2875823e+00   7.9775910e+00
   4.2857517e+00   7.9743826e+00
   4.1867175e+00   7.9544489e+00
   4.1860340e+00   7.9542138e+00
   4.0868657e+00   8.0201600e+00
   4.0861178e+00   8.0198199e+00
   3.9875438e+00   7.9874429e+00
   3.9868694e+00   7.9867790e+00
   3.8880766e+00   7.9717790e+00
   3.8869928e+00   7.9728413e+00
   3.7882709e+00   7.9934759e+00
   3.7873369e+00   7.9937414e+00
   3.6896252e+00   7.9417841e+00
   3.6881085e+00   7.9407433e+00
   3.5895279e+00   7.9054265e+00
   3.5887332e+00   7.9067457e+00
   3.4889245e+00   7.7127327e+00
   3.4881518e+00   7.7125920e+00
   3.3884565e+00   7.7117325e+00
   3.3872114e+00   7.7116274e+00
   3.2883486e+00   7.4098455e+00
   3.2869462e+00   7.4094474e+00
   3.1885477e+00   7.4307172e+00
   3.1890119e+00   7.4317996e+00
   3.0892966e+00   7.0619437e+00
   3.0884535e+00   7.0620193e+00
   2.9897669e+00   7.0213915e+00
   2.9886290e+00   7.0210563e+00
   2.8901667e+00   6.5536182e+00
   2.8890691e+00   6.5534932e+00
   2.7911188e+00   6.5373589e+00
   2.7903418e+00   6.5382579e+00
   2.6909875e+00   5.9786035e+00
   2.6906479e+00   5.9782336e+00
   2.5919183e+00   5.8874317e+00
   2.5912848e+00   5.8873676e+00
   2.4923014e+00   5.2011042e+00
   2.4916311e+00   5.2010878e+00
   2.3930432e+00   5.1947663e+00
   2.3924899e+00   5.1948789e+00
   2.2925369e+00   4.3489866e+00
   2.2916401e+00   4.3486497e+00
   2.1937514e+00   4.3529697e+00
   2.1924657e+00   4.3530495e+00
   2.0942063e+00   3.4345507e+00
   2.0934434e+00   3.4343730e+00
   1.9953195e+00   3.4240330e+00
   1.9944662e+00   3.4238533e+00
   1.8952028e+00   2.5339503e+00
   1.8946964e+00   2.5338159e+00
