   4.3481524e+01  -6.8263500e-01
   4.0209403e+01   6.3064690e+00
   4.0146199e+01   6.2840610e+00
   3.6868485e+01   5.3334950e+00
   3.6806599e+01   6.1105810e+00
   3.3532342e+01   5.9329440e+00
   3.3473273e+01   3.9208610e+00
   3.0194463e+01   4.2806990e+00
   3.0137630e+01   4.2984790e+00
   2.9133439e+01   3.5585350e+00
   2.9108005e+01   3.5367870e+00
   2.8604698e+01   3.8519210e+00
   2.8594847e+01   3.4018540e+00
   2.8090015e+01   3.7114030e+00
   2.8082800e+01   3.3048180e+00
   2.7581255e+01   3.5967900e+00
   2.7575443e+01   3.1798380e+00
   2.7074993e+01   3.4525770e+00
   2.7070019e+01   3.0574180e+00
   2.6570422e+01   2.9500980e+00
   2.6559844e+01   2.9310920e+00
   2.6065851e+01   2.8447760e+00
   2.6056372e+01   2.8093480e+00
   2.5560782e+01   3.0507890e+00
   2.5557813e+01   2.6844000e+00
   2.5058113e+01   2.9413520e+00
   2.5054606e+01   2.6179330e+00
   2.4556208e+01   2.5308680e+00
   2.4547809e+01   2.5146080e+00
   2.4051999e+01   2.6902030e+00
   2.4050708e+01   2.3857510e+00
   2.3550689e+01   2.5939820e+00
   2.3548223e+01   2.3239040e+00
   2.3048739e+01   2.5097080e+00
   2.3046104e+01   2.2546800e+00
   2.2547877e+01   1.9432310e+00
   2.2540576e+01   1.9343550e+00
   2.2044813e+01   2.0866990e+00
   2.2043024e+01   1.8386600e+00
   2.1543547e+01   2.0115660e+00
   2.1541487e+01   1.8005930e+00
   2.1042637e+01   1.9535730e+00
   2.1039804e+01   1.7718810e+00
   2.0541023e+01   1.9143100e+00
   2.0538363e+01   1.9237930e+00
   2.0043686e+01   1.8357380e+00
   2.0037095e+01   1.8446070e+00
   1.9542010e+01   1.9827860e+00
   1.9535931e+01   1.9885640e+00
   1.9041165e+01   1.9305789e+00
   1.9034522e+01   1.9532327e+00
   1.8540482e+01   1.7791888e+00
   1.8534810e+01   1.7929478e+00
   1.8040296e+01   1.9124339e+00
   1.8033700e+01   1.9195599e+00
   1.7539159e+01   1.7603189e+00
   1.7532291e+01   1.7824415e+00
   1.7039055e+01   1.9123143e+00
   1.7032546e+01   1.9210875e+00
   1.6534203e+01   1.8455474e+00
   1.6527744e+01   1.8519078e+00
   1.6034845e+01   1.9872160e+00
   1.6028709e+01   1.9968590e+00
   1.5536110e+01   1.9522459e+00
   1.5529425e+01   1.9675916e+00
   1.5037733e+01   2.1248588e+00
   1.5031095e+01   2.1305895e+00
   1.4536904e+01   2.1157156e+00
   1.4530515e+01   2.1214708e+00
   1.4037054e+01   2.2913446e+00
   1.4030091e+01   2.3082213e+00
   1.3537683e+01   2.3448981e+00
   1.3530780e+01   2.3536241e+00
   1.3037404e+01   2.5174847e+00
   1.3031054e+01   2.5263170e+00
   1.2537704e+01   2.6142568e+00
   1.2531482e+01   2.6133246e+00
   1.2038522e+01   2.7811743e+00
   1.2031551e+01   2.7474587e+00
   1.1539084e+01   2.9641791e+00
   1.1532558e+01   2.9637166e+00
   1.1039713e+01   3.1782304e+00
   1.1033134e+01   3.1798144e+00
   1.0540431e+01   3.4001773e+00
   1.0534557e+01   3.4013030e+00
   1.0041269e+01   3.5795847e+00
   1.0035692e+01   3.5845378e+00
   9.8898600e+00   3.7199459e+00
   9.8921565e+00   3.7175524e+00
   9.7909559e+00   3.7784641e+00
   9.7888335e+00   3.7787293e+00
   9.6900693e+00   3.7915156e+00
   9.6871248e+00   3.7900140e+00
   9.5850855e+00   3.8752635e+00
   9.5869445e+00   3.8740823e+00
   9.4865110e+00   3.8635656e+00
   9.4850759e+00   3.8647431e+00
   9.3853447e+00   3.9784351e+00
   9.3842435e+00   3.9799621e+00
   9.2849511e+00   4.0067342e+00
   9.2831108e+00   4.0065568e+00
   9.1840162e+00   4.1105825e+00
   9.1823427e+00   4.1109348e+00
   9.0834554e+00   4.1256801e+00
   9.0818396e+00   4.1236856e+00
   8.9827435e+00   4.2304017e+00
   8.9815216e+00   4.2302036e+00
   8.8825272e+00   4.2595874e+00
   8.8809239e+00   4.2615485e+00
   8.7819758e+00   4.3767732e+00
   8.7808723e+00   4.3755805e+00
   8.6819709e+00   4.3948468e+00
   8.6807856e+00   4.3935285e+00
   8.5816244e+00   4.5147910e+00
   8.5804398e+00   4.5126671e+00
   8.4816287e+00   4.5387711e+00
   8.4804806e+00   4.5372177e+00
   8.3817342e+00   4.6456890e+00
   8.3801034e+00   4.6451437e+00
   8.2817533e+00   4.6716881e+00
   8.2807536e+00   4.6724387e+00
   8.1814598e+00   4.7961046e+00
   8.1803981e+00   4.7967361e+00
   8.0817762e+00   4.8243732e+00
   8.0808522e+00   4.8239268e+00
   7.9815698e+00   4.9528392e+00
   7.9804553e+00   4.9534557e+00
   7.8815519e+00   4.9610826e+00
   7.8803570e+00   4.9616885e+00
   7.7812995e+00   5.0960765e+00
   7.7803293e+00   5.0971482e+00
   7.6816221e+00   5.1194734e+00
   7.6808906e+00   5.1200702e+00
   7.5818563e+00   5.2620463e+00
   7.5809192e+00   5.2637177e+00
   7.4818284e+00   5.2830154e+00
   7.4806190e+00   5.2825371e+00
   7.3820022e+00   5.4371923e+00
   7.3809323e+00   5.4338683e+00
   7.2823952e+00   5.4423300e+00
   7.2810920e+00   5.4430340e+00
   7.1823836e+00   5.6072613e+00
   7.1796796e+00   5.6115737e+00
   7.0813085e+00   5.6179256e+00
   7.0806881e+00   5.6187041e+00
   6.9816160e+00   5.7693467e+00
   6.9811007e+00   5.7690410e+00
   6.8822350e+00   5.7807707e+00
   6.8806467e+00   5.7784321e+00
   6.7823336e+00   5.9294428e+00
   6.7810444e+00   5.9299851e+00
   6.6826725e+00   5.9372151e+00
   6.6847266e+00   5.9367830e+00
   6.5834631e+00   6.1113960e+00
   6.5817003e+00   6.1121571e+00
   6.4841110e+00   6.1152473e+00
   6.4869103e+00   6.1296650e+00
   6.3818554e+00   6.2530620e+00
   6.3810768e+00   6.2546772e+00
   6.2820336e+00   6.2689611e+00
   6.2807900e+00   6.2704518e+00
   6.1826623e+00   6.4434957e+00
   6.1852183e+00   6.4444071e+00
   6.0837723e+00   6.4491806e+00
   6.0813541e+00   6.4493678e+00
   5.9827049e+00   6.6055087e+00
   5.9815656e+00   6.6051582e+00
   5.8829182e+00   6.5867879e+00
   5.8823442e+00   6.5880510e+00
   5.7831670e+00   6.7620271e+00
   5.7820407e+00   6.7604519e+00
   5.6835732e+00   6.7994757e+00
   5.6828005e+00   6.7997642e+00
   5.5832997e+00   6.9052079e+00
   5.5826012e+00   6.9390323e+00
   5.4838074e+00   6.9450652e+00
   5.4826144e+00   7.0776625e+00
   5.3842017e+00   7.0975813e+00
   5.3830298e+00   7.0996004e+00
   5.2840028e+00   7.1867510e+00
   5.2835575e+00   7.1868462e+00
   5.1848669e+00   7.2093608e+00
   5.1832655e+00   7.2084972e+00
   5.0850140e+00   7.3335399e+00
   5.0837642e+00   7.3326311e+00
   4.9850132e+00   7.3192997e+00
   4.9835714e+00   7.3176003e+00
   4.8853123e+00   7.4003660e+00
   4.8840024e+00   7.4008617e+00
   4.7852897e+00   7.4097588e+00
   4.7848199e+00   7.4069566e+00
   4.6852902e+00   7.4736197e+00
   4.6843772e+00   7.4736283e+00
   4.5856277e+00   7.4621052e+00
   4.5853645e+00   7.4637366e+00
   4.4862962e+00   7.4987365e+00
   4.4861645e+00   7.5027345e+00
   4.3862599e+00   7.5366430e+00
   4.3857141e+00   7.5376604e+00
   4.2875823e+00   7.5170686e+00
   4.2857517e+00   7.5138602e+00
   4.1867175e+00   7.5065544e+00
   4.1860340e+00   7.5063193e+00
   4.0868657e+00   7.4611410e+00
   4.0861178e+00   7.4608009e+00
   3.9875438e+00   7.4575518e+00
   3.9868694e+00   7.4568879e+00
   3.8880766e+00   7.3373454e+00
   3.8869928e+00   7.3384077e+00
   3.7882709e+00   7.3419099e+00
   3.7873369e+00   7.3421754e+00
   3.6896252e+00   7.2051444e+00
   3.6881085e+00   7.2041036e+00
   3.5895279e+00   7.2129104e+00
   3.5887332e+00   7.2142296e+00
   3.4889245e+00   6.9382827e+00
   3.4881518e+00   6.9381420e+00
   3.3884565e+00   6.9378266e+00
   3.3872114e+00   6.9377215e+00
   3.2883486e+00   6.6171262e+00
   3.2869462e+00   6.6167281e+00
   3.1885477e+00   6.6096913e+00
   3.1890119e+00   6.6107737e+00
   3.0892966e+00   6.1331010e+00
   3.0884535e+00   6.1331765e+00
   2.9897669e+00   6.2392181e+00
   2.9886290e+00   6.2388829e+00
   2.8901667e+00   5.7609855e+00
   2.8890691e+00   5.7608605e+00
   2.7911188e+00   5.7745736e+00
   2.7903418e+00   5.7754726e+00
   2.6909875e+00   5.2462429e+00
   2.6906479e+00   5.2458730e+00
   2.5919183e+00   5.2349550e+00
   2.5912848e+00   5.2348909e+00
   2.4923014e+00   4.6059273e+00
   2.4916311e+00   4.6059109e+00
   2.3930432e+00   4.6054292e+00
   2.3924899e+00   4.6055418e+00
   2.2925369e+00   3.8340260e+00
   2.2916401e+00   3.8336891e+00
   2.1937514e+00   3.8918277e+00
   2.1924657e+00   3.8919075e+00
   2.0942063e+00   3.1670033e+00
   2.0934434e+00   3.1668256e+00
   1.9953195e+00   3.1535947e+00
   1.9944662e+00   3.1534150e+00
   1.8952028e+00   2.4292039e+00
   1.8946964e+00   2.4290695e+00
