   4.3481524e+01  -8.6952300e-01
   4.0209403e+01   6.1195810e+00
   4.0146199e+01   6.0971730e+00
   3.6868485e+01   5.9633420e+00
   3.6806599e+01   6.0461050e+00
   3.3532342e+01   5.9521570e+00
   3.3473273e+01   4.5564170e+00
   3.0194463e+01   4.3445870e+00
   3.0137630e+01   4.3840000e+00
   2.9133439e+01   3.6941760e+00
   2.9108005e+01   3.6724280e+00
   2.8604698e+01   3.9971380e+00
   2.8594847e+01   3.5470710e+00
   2.8090015e+01   3.8763780e+00
   2.8082800e+01   3.4697930e+00
   2.7581255e+01   3.7780040e+00
   2.7575443e+01   3.3610520e+00
   2.7074993e+01   3.6516060e+00
   2.7070019e+01   3.2564470e+00
   2.6570422e+01   3.1796450e+00
   2.6559844e+01   3.1606390e+00
   2.6065851e+01   3.0875790e+00
   2.6056372e+01   3.0521510e+00
   2.5560782e+01   3.3313330e+00
   2.5557813e+01   2.9649440e+00
   2.5058113e+01   3.2079560e+00
   2.5054606e+01   2.8845370e+00
   2.4556208e+01   2.8302850e+00
   2.4547809e+01   2.8140250e+00
   2.4051999e+01   3.0253590e+00
   2.4050708e+01   2.7209070e+00
   2.3550689e+01   2.9563800e+00
   2.3548223e+01   2.6863020e+00
   2.3048739e+01   2.8510990e+00
   2.3046104e+01   2.5960710e+00
   2.2547877e+01   2.5607230e+00
   2.2540576e+01   2.5518470e+00
   2.2044813e+01   2.7178860e+00
   2.2043024e+01   2.4698470e+00
   2.1543547e+01   2.6411660e+00
   2.1541487e+01   2.4301930e+00
   2.1042637e+01   2.5888330e+00
   2.1039804e+01   2.4071410e+00
   2.0541023e+01   2.5451940e+00
   2.0538363e+01   2.5546770e+00
   2.0043686e+01   2.5124430e+00
   2.0037095e+01   2.5213120e+00
   1.9542010e+01   2.4964190e+00
   1.9535931e+01   2.5021970e+00
   1.9041165e+01   2.6283679e+00
   1.9034522e+01   2.6510217e+00
   1.8540482e+01   2.4835328e+00
   1.8534810e+01   2.4972918e+00
   1.8040296e+01   2.6318089e+00
   1.8033700e+01   2.6389349e+00
   1.7539159e+01   2.5468642e+00
   1.7532291e+01   2.5689868e+00
   1.7039055e+01   2.7309949e+00
   1.7032546e+01   2.7397681e+00
   1.6534203e+01   2.6985064e+00
   1.6527744e+01   2.7048668e+00
   1.6034845e+01   2.8731365e+00
   1.6028709e+01   2.8827795e+00
   1.5536110e+01   2.8789113e+00
   1.5529425e+01   2.8942570e+00
   1.5037733e+01   3.0733314e+00
   1.5031095e+01   3.0790621e+00
   1.4536904e+01   3.1512907e+00
   1.4530515e+01   3.1570459e+00
   1.4037054e+01   3.3583740e+00
   1.4030091e+01   3.3752507e+00
   1.3537683e+01   3.4899074e+00
   1.3530780e+01   3.4986334e+00
   1.3037404e+01   3.7056414e+00
   1.3031054e+01   3.7144737e+00
   1.2537704e+01   3.8905337e+00
   1.2531482e+01   3.8896015e+00
   1.2038522e+01   4.1432157e+00
   1.2031551e+01   4.1559714e+00
   1.1539084e+01   4.4005932e+00
   1.1532558e+01   4.4190040e+00
   1.1039713e+01   4.7257144e+00
   1.1033134e+01   4.7272984e+00
   1.0540431e+01   5.0220862e+00
   1.0534557e+01   5.0232119e+00
   1.0041269e+01   5.3164062e+00
   1.0035692e+01   5.2683900e+00
   9.8898600e+00   5.4587892e+00
   9.8921565e+00   5.4563957e+00
   9.7909559e+00   5.5716266e+00
   9.7888335e+00   5.5718918e+00
   9.6900693e+00   5.6037140e+00
   9.6871248e+00   5.6022124e+00
   9.5850855e+00   5.7141142e+00
   9.5869445e+00   5.7129330e+00
   9.4865110e+00   5.8271190e+00
   9.4850759e+00   5.8282965e+00
   9.3853447e+00   5.8926272e+00
   9.3842435e+00   5.8941542e+00
   9.2849511e+00   5.9158655e+00
   9.2831108e+00   5.9156881e+00
   9.1840162e+00   6.0662200e+00
   9.1823427e+00   6.0665723e+00
   9.0834554e+00   6.0835808e+00
   9.0818396e+00   6.0815863e+00
   8.9827435e+00   6.2464661e+00
   8.9815216e+00   6.2462681e+00
   8.8825272e+00   6.2755891e+00
   8.8809239e+00   6.2775502e+00
   8.7819758e+00   6.4201841e+00
   8.7808723e+00   6.4189915e+00
   8.6819709e+00   6.4377188e+00
   8.6807856e+00   6.4364005e+00
   8.5816244e+00   6.6044107e+00
   8.5804398e+00   6.6022868e+00
   8.4816287e+00   6.6264077e+00
   8.4804806e+00   6.6248543e+00
   8.3817342e+00   6.7884076e+00
   8.3801034e+00   6.7878623e+00
   8.2817533e+00   6.7924721e+00
   8.2807536e+00   6.7932227e+00
   8.1814598e+00   6.9625982e+00
   8.1803981e+00   6.9632297e+00
   8.0817762e+00   6.9743480e+00
   8.0808522e+00   6.9739016e+00
   7.9815698e+00   7.1421660e+00
   7.9804553e+00   7.1427825e+00
   7.8815519e+00   7.1556748e+00
   7.8803570e+00   7.1562807e+00
   7.7812995e+00   7.3131545e+00
   7.7803293e+00   7.3142262e+00
   7.6816221e+00   7.3290541e+00
   7.6808906e+00   7.3296509e+00
   7.5818563e+00   7.4995793e+00
   7.5809192e+00   7.5012507e+00
   7.4818284e+00   7.5338150e+00
   7.4806190e+00   7.5333367e+00
   7.3820022e+00   7.7019735e+00
   7.3809323e+00   7.6986495e+00
   7.2823952e+00   7.6797335e+00
   7.2810920e+00   7.6804375e+00
   7.1823836e+00   7.8489074e+00
   7.1796796e+00   7.8532198e+00
   7.0813085e+00   7.8681265e+00
   7.0806881e+00   7.8689050e+00
   6.9816160e+00   8.0069991e+00
   6.9811007e+00   8.0066934e+00
   6.8822350e+00   8.0304444e+00
   6.8806467e+00   8.0281058e+00
   6.7823336e+00   8.1305131e+00
   6.7810444e+00   8.1310554e+00
   6.6826725e+00   8.1453661e+00
   6.6847266e+00   8.1449340e+00
   6.5834631e+00   8.2789131e+00
   6.5817003e+00   8.2796742e+00
   6.4841110e+00   8.2678676e+00
   6.4869103e+00   8.2822853e+00
   6.3818554e+00   8.3697267e+00
   6.3810768e+00   8.3713419e+00
   6.2820336e+00   8.3906456e+00
   6.2807900e+00   8.3921363e+00
   6.1826623e+00   8.4471097e+00
   6.1852183e+00   8.4480211e+00
   6.0837723e+00   8.4576725e+00
   6.0813541e+00   8.4578598e+00
   5.9827049e+00   8.5226503e+00
   5.9815656e+00   8.5544620e+00
   5.8829182e+00   8.5897813e+00
   5.8823442e+00   8.5910444e+00
   5.7831670e+00   8.5679305e+00
   5.7820407e+00   8.5663553e+00
   5.6835732e+00   8.5913783e+00
   5.6828005e+00   8.5916668e+00
   5.5832997e+00   8.5643087e+00
   5.5826012e+00   8.5652629e+00
   5.4838074e+00   8.5427971e+00
   5.4826144e+00   8.5432680e+00
   5.3842017e+00   8.5386569e+00
   5.3830298e+00   8.5406760e+00
   5.2840028e+00   8.4563535e+00
   5.2835575e+00   8.4564487e+00
   5.1848669e+00   8.4718298e+00
   5.1832655e+00   8.4709662e+00
   5.0850140e+00   8.3665974e+00
   5.0837642e+00   8.3656886e+00
   4.9850132e+00   8.3747834e+00
   4.9835714e+00   8.3730840e+00
   4.8853123e+00   8.1928801e+00
   4.8840024e+00   8.1933758e+00
   4.7852897e+00   8.2011660e+00
   4.7848199e+00   8.1983638e+00
   4.6852902e+00   7.9451000e+00
   4.6843772e+00   7.9451086e+00
   4.5856277e+00   7.9695738e+00
   4.5853645e+00   7.9712052e+00
   4.4862962e+00   7.6768785e+00
   4.4861645e+00   7.6808765e+00
   4.3862599e+00   7.6541612e+00
   4.3857141e+00   7.6551786e+00
   4.2875823e+00   7.3449065e+00
   4.2857517e+00   7.3416981e+00
   4.1867175e+00   7.3282002e+00
   4.1860340e+00   7.3279651e+00
   4.0868657e+00   6.9493735e+00
   4.0861178e+00   6.9490334e+00
   3.9875438e+00   6.9468334e+00
   3.9868694e+00   6.9461695e+00
   3.8880766e+00   6.4561519e+00
   3.8869928e+00   6.4572142e+00
   3.7882709e+00   6.4792579e+00
   3.7873369e+00   6.4795234e+00
   3.6896252e+00   5.9206399e+00
   3.6881085e+00   5.9195991e+00
   3.5895279e+00   5.9532455e+00
   3.5887332e+00   5.9545647e+00
   3.4889245e+00   5.2733140e+00
   3.4881518e+00   5.2731733e+00
   3.3884565e+00   5.3190138e+00
   3.3872114e+00   5.3189087e+00
   3.2883486e+00   4.6484880e+00
   3.2869462e+00   4.6480899e+00
   3.1885477e+00   4.6790783e+00
   3.1890119e+00   4.6801607e+00
   3.0892966e+00   4.0284364e+00
   3.0884535e+00   4.0285120e+00
   2.9897669e+00   3.9997976e+00
   2.9886290e+00   3.9994624e+00
   2.8901667e+00   3.3548157e+00
   2.8890691e+00   3.3546907e+00
   2.7911188e+00   3.3198405e+00
   2.7903418e+00   3.3207395e+00
   2.6909875e+00   2.6893558e+00
   2.6906479e+00   2.6889859e+00
   2.5919183e+00   2.6667635e+00
   2.5912848e+00   2.6666994e+00
   2.4923014e+00   2.0730884e+00
   2.4916311e+00   2.0730720e+00
   2.3930432e+00   2.0733757e+00
   2.3924899e+00   2.0734883e+00
   2.2925369e+00   1.5314845e+00
   2.2916401e+00   1.5311476e+00
   2.1937514e+00   1.5241764e+00
   2.1924657e+00   1.5242562e+00
   2.0942063e+00   1.0163653e+00
   2.0934434e+00   1.0161876e+00
   1.9953195e+00   1.0171973e+00
   1.9944662e+00   1.0170176e+00
   1.8952028e+00   6.2233754e-01
   1.8946964e+00   6.2220314e-01
