   4.3481524e+01  -7.9205200e-01
   4.0209403e+01   6.1970520e+00
   4.0146199e+01   6.1746440e+00
   3.6868485e+01   5.3301980e+00
   3.6806599e+01   6.0690220e+00
   3.3532342e+01   5.8443990e+00
   3.3473273e+01   3.8523160e+00
   3.0194463e+01   4.1938670e+00
   3.0137630e+01   4.2116470e+00
   2.9133439e+01   3.5028430e+00
   2.9108005e+01   3.4810950e+00
   2.8604698e+01   3.7857950e+00
   2.8594847e+01   3.3357280e+00
   2.8090015e+01   3.6444070e+00
   2.8082800e+01   3.2378220e+00
   2.7581255e+01   3.5276180e+00
   2.7575443e+01   3.1106660e+00
   2.7074993e+01   3.3675240e+00
   2.7070019e+01   2.9723650e+00
   2.6570422e+01   2.8612870e+00
   2.6559844e+01   2.8422810e+00
   2.6065851e+01   2.7598770e+00
   2.6056372e+01   2.7244490e+00
   2.5560782e+01   2.9526370e+00
   2.5557813e+01   2.5862480e+00
   2.5058113e+01   2.8525620e+00
   2.5054606e+01   2.5291430e+00
   2.4556208e+01   2.4426970e+00
   2.4547809e+01   2.4264370e+00
   2.4051999e+01   2.6151700e+00
   2.4050708e+01   2.3107180e+00
   2.3550689e+01   2.5004920e+00
   2.3548223e+01   2.2304140e+00
   2.3048739e+01   2.3992750e+00
   2.3046104e+01   2.1442470e+00
   2.2547877e+01   1.8008710e+00
   2.2540576e+01   1.7919950e+00
   2.2044813e+01   1.9834860e+00
   2.2043024e+01   1.7354470e+00
   2.1543547e+01   1.8867960e+00
   2.1541487e+01   1.6758230e+00
   2.1042637e+01   1.8144460e+00
   2.1039804e+01   1.6327540e+00
   2.0541023e+01   1.7837380e+00
   2.0538363e+01   1.7932210e+00
   2.0043686e+01   1.6866600e+00
   2.0037095e+01   1.6955290e+00
   1.9542010e+01   1.8260300e+00
   1.9535931e+01   1.8318080e+00
   1.9041165e+01   1.7701729e+00
   1.9034522e+01   1.7928267e+00
   1.8540482e+01   1.5757708e+00
   1.8534810e+01   1.5895298e+00
   1.8040296e+01   1.7029036e+00
   1.8033700e+01   1.7100296e+00
   1.7539159e+01   1.5623278e+00
   1.7532291e+01   1.5844504e+00
   1.7039055e+01   1.7193003e+00
   1.7032546e+01   1.7280735e+00
   1.6534203e+01   1.6432885e+00
   1.6527744e+01   1.6496489e+00
   1.6034845e+01   1.7785604e+00
   1.6028709e+01   1.7882034e+00
   1.5536110e+01   1.7145130e+00
   1.5529425e+01   1.7298587e+00
   1.5037733e+01   1.8580348e+00
   1.5031095e+01   1.8637655e+00
   1.4536904e+01   1.8226170e+00
   1.4530515e+01   1.8283722e+00
   1.4037054e+01   1.9771878e+00
   1.4030091e+01   1.9940645e+00
   1.3537683e+01   2.0111135e+00
   1.3530780e+01   2.0198395e+00
   1.3037404e+01   2.1694473e+00
   1.3031054e+01   2.1782796e+00
   1.2537704e+01   2.2316701e+00
   1.2531482e+01   2.2307379e+00
   1.2038522e+01   2.4079854e+00
   1.2031551e+01   2.3584509e+00
   1.1539084e+01   2.5549206e+00
   1.1532558e+01   2.5568980e+00
   1.1039713e+01   2.7294877e+00
   1.1033134e+01   2.7310717e+00
   1.0540431e+01   2.9457690e+00
   1.0534557e+01   2.9468947e+00
   1.0041269e+01   3.0704842e+00
   1.0035692e+01   3.0754373e+00
   9.8898600e+00   3.2261225e+00
   9.8921565e+00   3.2237290e+00
   9.7909559e+00   3.2592960e+00
   9.7888335e+00   3.2595612e+00
   9.6900693e+00   3.2968197e+00
   9.6871248e+00   3.2953181e+00
   9.5850855e+00   3.3547024e+00
   9.5869445e+00   3.3535212e+00
   9.4865110e+00   3.3646956e+00
   9.4850759e+00   3.3658731e+00
   9.3853447e+00   3.4558052e+00
   9.3842435e+00   3.4573322e+00
   9.2849511e+00   3.4865697e+00
   9.2831108e+00   3.4863923e+00
   9.1840162e+00   3.5720984e+00
   9.1823427e+00   3.5724507e+00
   9.0834554e+00   3.5991181e+00
   9.0818396e+00   3.5971236e+00
   8.9827435e+00   3.6943046e+00
   8.9815216e+00   3.6941065e+00
   8.8825272e+00   3.7134718e+00
   8.8809239e+00   3.7154329e+00
   8.7819758e+00   3.8207899e+00
   8.7808723e+00   3.8195973e+00
   8.6819709e+00   3.8438513e+00
   8.6807856e+00   3.8425330e+00
   8.5816244e+00   3.9450024e+00
   8.5804398e+00   3.9428785e+00
   8.4816287e+00   3.9753319e+00
   8.4804806e+00   3.9737785e+00
   8.3817342e+00   4.0848089e+00
   8.3801034e+00   4.0842636e+00
   8.2817533e+00   4.1017157e+00
   8.2807536e+00   4.1024663e+00
   8.1814598e+00   4.2290862e+00
   8.1803981e+00   4.2297177e+00
   8.0817762e+00   4.2453848e+00
   8.0808522e+00   4.2449384e+00
   7.9815698e+00   4.3663755e+00
   7.9804553e+00   4.3669920e+00
   7.8815519e+00   4.3838187e+00
   7.8803570e+00   4.3844246e+00
   7.7812995e+00   4.5159872e+00
   7.7803293e+00   4.5170589e+00
   7.6816221e+00   4.5340095e+00
   7.6808906e+00   4.5346063e+00
   7.5818563e+00   4.6824990e+00
   7.5809192e+00   4.6841704e+00
   7.4818284e+00   4.7037176e+00
   7.4806190e+00   4.7032393e+00
   7.3820022e+00   4.8443331e+00
   7.3809323e+00   4.8410091e+00
   7.2823952e+00   4.8547425e+00
   7.2810920e+00   4.8554465e+00
   7.1823836e+00   5.0244104e+00
   7.1796796e+00   5.0287228e+00
   7.0813085e+00   5.0263965e+00
   7.0806881e+00   5.0271750e+00
   6.9816160e+00   5.1879794e+00
   6.9811007e+00   5.1876737e+00
   6.8822350e+00   5.1980943e+00
   6.8806467e+00   5.1957557e+00
   6.7823336e+00   5.3638918e+00
   6.7810444e+00   5.3644341e+00
   6.6826725e+00   5.3738819e+00
   6.6847266e+00   5.3734498e+00
   6.5834631e+00   5.5415188e+00
   6.5817003e+00   5.5422799e+00
   6.4841110e+00   5.5384221e+00
   6.4869103e+00   5.5528398e+00
   6.3818554e+00   5.7472932e+00
   6.3810768e+00   5.7489084e+00
   6.2820336e+00   5.7437518e+00
   6.2807900e+00   5.7452425e+00
   6.1826623e+00   5.9315149e+00
   6.1852183e+00   5.9324263e+00
   6.0837723e+00   5.9448854e+00
   6.0813541e+00   5.9450727e+00
   5.9827049e+00   6.1371452e+00
   5.9815656e+00   6.1367947e+00
   5.8829182e+00   6.1494786e+00
   5.8823442e+00   6.1507417e+00
   5.7831670e+00   6.3553754e+00
   5.7820407e+00   6.3538002e+00
   5.6835732e+00   6.3330444e+00
   5.6828005e+00   6.3333329e+00
   5.5832997e+00   6.5363685e+00
   5.5826012e+00   6.5373227e+00
   5.4838074e+00   6.5572855e+00
   5.4826144e+00   6.5577564e+00
   5.3842017e+00   6.7182012e+00
   5.3830298e+00   6.7202203e+00
   5.2840028e+00   6.7401368e+00
   5.2835575e+00   6.7402320e+00
   5.1848669e+00   6.9032452e+00
   5.1832655e+00   6.9023816e+00
   5.0850140e+00   6.9378655e+00
   5.0837642e+00   7.0855066e+00
   4.9850132e+00   7.1036211e+00
   4.9835714e+00   7.1019217e+00
   4.8853123e+00   7.2625355e+00
   4.8840024e+00   7.2630312e+00
   4.7852897e+00   7.2781486e+00
   4.7848199e+00   7.2753464e+00
   4.6852902e+00   7.4185715e+00
   4.6843772e+00   7.4185801e+00
   4.5856277e+00   7.4388880e+00
   4.5853645e+00   7.4405194e+00
   4.4862962e+00   7.5600008e+00
   4.4861645e+00   7.5639988e+00
   4.3862599e+00   7.5657282e+00
   4.3857141e+00   7.5667456e+00
   4.2875823e+00   7.6737325e+00
   4.2857517e+00   7.6705241e+00
   4.1867175e+00   7.6963888e+00
   4.1860340e+00   7.6961537e+00
   4.0868657e+00   7.7498724e+00
   4.0861178e+00   7.7495323e+00
   3.9875438e+00   7.7564617e+00
   3.9868694e+00   7.7557978e+00
   3.8880766e+00   7.7706100e+00
   3.8869928e+00   7.7716723e+00
   3.7882709e+00   7.7802268e+00
   3.7873369e+00   7.7804923e+00
   3.6896252e+00   7.7160799e+00
   3.6881085e+00   7.7150391e+00
   3.5895279e+00   7.7206033e+00
   3.5887332e+00   7.7219225e+00
   3.4889245e+00   7.5832322e+00
   3.4881518e+00   7.5830915e+00
   3.3884565e+00   7.5886344e+00
   3.3872114e+00   7.5885293e+00
   3.2883486e+00   7.3845041e+00
   3.2869462e+00   7.3841060e+00
   3.1885477e+00   7.4077118e+00
   3.1890119e+00   7.4087942e+00
   3.0892966e+00   7.1122647e+00
   3.0884535e+00   7.1123402e+00
   2.9897669e+00   7.0829823e+00
   2.9886290e+00   7.0826471e+00
   2.8901667e+00   6.6945868e+00
   2.8890691e+00   6.6944618e+00
   2.7911188e+00   6.6888877e+00
   2.7903418e+00   6.6897867e+00
   2.6909875e+00   6.1837494e+00
   2.6906479e+00   6.1833795e+00
   2.5919183e+00   6.1960716e+00
   2.5912848e+00   6.1960075e+00
   2.4923014e+00   5.4905759e+00
   2.4916311e+00   5.4905595e+00
   2.3930432e+00   5.5162601e+00
   2.3924899e+00   5.5163727e+00
   2.2925369e+00   4.7137451e+00
   2.2916401e+00   4.7134082e+00
   2.1937514e+00   4.7104831e+00
   2.1924657e+00   4.7105629e+00
   2.0942063e+00   3.7943504e+00
   2.0934434e+00   3.7941727e+00
   1.9953195e+00   3.8138056e+00
   1.9944662e+00   3.8136259e+00
   1.8952028e+00   2.9112075e+00
   1.8946964e+00   2.9110731e+00
