   4.3481524e+01  -8.4313400e-01
   4.0209403e+01   6.1459700e+00
   4.0146199e+01   6.1235620e+00
   3.6868485e+01   6.0786900e+00
   3.6806599e+01   6.1606080e+00
   3.3532342e+01   6.1021390e+00
   3.3473273e+01   4.7029350e+00
   3.0194463e+01   4.4925090e+00
   3.0137630e+01   4.5769610e+00
   2.9133439e+01   3.9026510e+00
   2.9108005e+01   3.8809030e+00
   2.8604698e+01   4.1928380e+00
   2.8594847e+01   3.7427710e+00
   2.8090015e+01   4.0800970e+00
   2.8082800e+01   3.6735120e+00
   2.7581255e+01   3.9830090e+00
   2.7575443e+01   3.5660570e+00
   2.7074993e+01   3.8663210e+00
   2.7070019e+01   3.4711620e+00
   2.6570422e+01   3.4018690e+00
   2.6559844e+01   3.3828630e+00
   2.6065851e+01   3.3440120e+00
   2.6056372e+01   3.3085840e+00
   2.5560782e+01   3.6143600e+00
   2.5557813e+01   3.2479710e+00
   2.5058113e+01   3.4843490e+00
   2.5054606e+01   3.1609300e+00
   2.4556208e+01   3.1246300e+00
   2.4547809e+01   3.1083700e+00
   2.4051999e+01   3.3521570e+00
   2.4050708e+01   3.0477050e+00
   2.3550689e+01   3.2555110e+00
   2.3548223e+01   2.9854330e+00
   2.3048739e+01   3.2069050e+00
   2.3046104e+01   2.9518770e+00
   2.2547877e+01   2.9063430e+00
   2.2540576e+01   2.8974670e+00
   2.2044813e+01   3.0782700e+00
   2.2043024e+01   2.8302310e+00
   2.1543547e+01   3.0303850e+00
   2.1541487e+01   2.8194120e+00
   2.1042637e+01   2.9901730e+00
   2.1039804e+01   2.8084810e+00
   2.0541023e+01   3.0009140e+00
   2.0538363e+01   3.0103970e+00
   2.0043686e+01   2.9540310e+00
   2.0037095e+01   2.9629000e+00
   1.9542010e+01   2.9910910e+00
   1.9535931e+01   2.9968690e+00
   1.9041165e+01   3.1326599e+00
   1.9034522e+01   3.1553137e+00
   1.8540482e+01   3.0375208e+00
   1.8534810e+01   3.0512798e+00
   1.8040296e+01   3.2304439e+00
   1.8033700e+01   3.2375699e+00
   1.7539159e+01   3.1755300e+00
   1.7532291e+01   3.1976526e+00
   1.7039055e+01   3.3859304e+00
   1.7032546e+01   3.3947036e+00
   1.6534203e+01   3.3981254e+00
   1.6527744e+01   3.4044858e+00
   1.6034845e+01   3.6007189e+00
   1.6028709e+01   3.6103619e+00
   1.5536110e+01   3.6516389e+00
   1.5529425e+01   3.6669846e+00
   1.5037733e+01   3.8864238e+00
   1.5031095e+01   3.8921545e+00
   1.4536904e+01   4.0006611e+00
   1.4530515e+01   4.0064163e+00
   1.4037054e+01   4.2425190e+00
   1.4030091e+01   4.2593957e+00
   1.3537683e+01   4.4317296e+00
   1.3530780e+01   4.4404556e+00
   1.3037404e+01   4.6879729e+00
   1.3031054e+01   4.6968052e+00
   1.2537704e+01   4.9374727e+00
   1.2531482e+01   4.9363573e+00
   1.2038522e+01   5.2020919e+00
   1.2031551e+01   5.2148476e+00
   1.1539084e+01   5.5170307e+00
   1.1532558e+01   5.5190081e+00
   1.1039713e+01   5.8852319e+00
   1.1033134e+01   5.8868159e+00
   1.0540431e+01   6.2127309e+00
   1.0534557e+01   6.2138566e+00
   1.0041269e+01   6.4688849e+00
   1.0035692e+01   6.4738380e+00
   9.8898600e+00   6.6563208e+00
   9.8921565e+00   6.6539273e+00
   9.7909559e+00   6.7804553e+00
   9.7888335e+00   6.7807205e+00
   9.6900693e+00   6.8168584e+00
   9.6871248e+00   6.8153568e+00
   9.5850855e+00   6.9188006e+00
   9.5869445e+00   6.9176194e+00
   9.4865110e+00   7.0490025e+00
   9.4850759e+00   7.0501800e+00
   9.3853447e+00   7.0936506e+00
   9.3842435e+00   7.0951776e+00
   9.2849511e+00   7.1205020e+00
   9.2831108e+00   7.1203246e+00
   9.1840162e+00   7.2586820e+00
   9.1823427e+00   7.2590343e+00
   9.0834554e+00   7.2872284e+00
   9.0818396e+00   7.2852339e+00
   8.9827435e+00   7.4280934e+00
   8.9815216e+00   7.4278954e+00
   8.8825272e+00   7.4472727e+00
   8.8809239e+00   7.4492338e+00
   8.7819758e+00   7.5892865e+00
   8.7808723e+00   7.5880938e+00
   8.6819709e+00   7.6094904e+00
   8.6807856e+00   7.6081721e+00
   8.5816244e+00   7.7540100e+00
   8.5804398e+00   7.7518861e+00
   8.4816287e+00   7.7838351e+00
   8.4804806e+00   7.7822817e+00
   8.3817342e+00   7.9175549e+00
   8.3801034e+00   7.9170096e+00
   8.2817533e+00   7.9323375e+00
   8.2807536e+00   7.9330881e+00
   8.1814598e+00   8.0559355e+00
   8.1803981e+00   8.0565670e+00
   8.0817762e+00   8.0827603e+00
   8.0808522e+00   8.0823139e+00
   7.9815698e+00   8.1925122e+00
   7.9804553e+00   8.1931287e+00
   7.8815519e+00   8.2332200e+00
   7.8803570e+00   8.2338259e+00
   7.7812995e+00   8.3445570e+00
   7.7803293e+00   8.3456287e+00
   7.6816221e+00   8.3658378e+00
   7.6808906e+00   8.3664346e+00
   7.5818563e+00   8.4598221e+00
   7.5809192e+00   8.4614935e+00
   7.4818284e+00   8.4736734e+00
   7.4806190e+00   8.4731951e+00
   7.3820022e+00   8.5638854e+00
   7.3809323e+00   8.5605614e+00
   7.2823952e+00   8.5885933e+00
   7.2810920e+00   8.5892973e+00
   7.1823836e+00   8.6557153e+00
   7.1796796e+00   8.6600277e+00
   7.0813085e+00   8.6542020e+00
   7.0806881e+00   8.7096535e+00
   6.9816160e+00   8.7372096e+00
   6.9811007e+00   8.7369039e+00
   6.8822350e+00   8.7467824e+00
   6.8806467e+00   8.7444438e+00
   6.7823336e+00   8.7386129e+00
   6.7810444e+00   8.7391552e+00
   6.6826725e+00   8.7432758e+00
   6.6847266e+00   8.7428437e+00
   6.5834631e+00   8.7524754e+00
   6.5817003e+00   8.7532365e+00
   6.4841110e+00   8.7202445e+00
   6.4869103e+00   8.7346622e+00
   6.3818554e+00   8.7304113e+00
   6.3810768e+00   8.7320265e+00
   6.2820336e+00   8.6640550e+00
   6.2807900e+00   8.6655457e+00
   6.1826623e+00   8.6686454e+00
   6.1852183e+00   8.6695568e+00
   6.0837723e+00   8.5889563e+00
   6.0813541e+00   8.5891435e+00
   5.9827049e+00   8.5846190e+00
   5.9815656e+00   8.5842685e+00
   5.8829182e+00   8.4738786e+00
   5.8823442e+00   8.4751417e+00
   5.7831670e+00   8.4897443e+00
   5.7820407e+00   8.4881691e+00
   5.6835732e+00   8.2961753e+00
   5.6828005e+00   8.2964638e+00
   5.5832997e+00   8.3158105e+00
   5.5826012e+00   8.3167647e+00
   5.4838074e+00   8.1331479e+00
   5.4826144e+00   8.1336188e+00
   5.3842017e+00   8.1085003e+00
   5.3830298e+00   8.1105194e+00
   5.2840028e+00   7.8706576e+00
   5.2835575e+00   7.8707528e+00
   5.1848669e+00   7.8552368e+00
   5.1832655e+00   7.8543732e+00
   5.0850140e+00   7.5883580e+00
   5.0837642e+00   7.5874492e+00
   4.9850132e+00   7.5758361e+00
   4.9835714e+00   7.5741367e+00
   4.8853123e+00   7.2459107e+00
   4.8840024e+00   7.2464064e+00
   4.7852897e+00   7.2436728e+00
   4.7848199e+00   7.2408706e+00
   4.6852902e+00   6.8715720e+00
   4.6843772e+00   6.8715806e+00
   4.5856277e+00   6.8687284e+00
   4.5853645e+00   6.8703598e+00
   4.4862962e+00   6.4501393e+00
   4.4861645e+00   6.4541373e+00
   4.3862599e+00   6.4506706e+00
   4.3857141e+00   6.4516880e+00
   4.2875823e+00   5.9806825e+00
   4.2857517e+00   5.9774741e+00
   4.1867175e+00   6.0037517e+00
   4.1860340e+00   6.0035166e+00
   4.0868657e+00   5.4782784e+00
   4.0861178e+00   5.4779383e+00
   3.9875438e+00   5.4547218e+00
   3.9868694e+00   5.4540579e+00
   3.8880766e+00   4.9368644e+00
   3.8869928e+00   4.9379267e+00
   3.7882709e+00   4.9248454e+00
   3.7873369e+00   4.9251109e+00
   3.6896252e+00   4.3699804e+00
   3.6881085e+00   4.3689396e+00
   3.5895279e+00   4.3603446e+00
   3.5887332e+00   4.3616638e+00
   3.4889245e+00   3.7626873e+00
   3.4881518e+00   3.7625466e+00
   3.3884565e+00   3.7731288e+00
   3.3872114e+00   3.7730237e+00
   3.2883486e+00   3.1863318e+00
   3.2869462e+00   3.1859337e+00
   3.1885477e+00   3.1781289e+00
   3.1890119e+00   3.1792113e+00
   3.0892966e+00   2.6245958e+00
   3.0884535e+00   2.6246713e+00
   2.9897669e+00   2.6136152e+00
   2.9886290e+00   2.6132800e+00
   2.8901667e+00   2.0716441e+00
   2.8890691e+00   2.0715191e+00
   2.7911188e+00   2.0789400e+00
   2.7903418e+00   2.0798390e+00
   2.6909875e+00   1.5760118e+00
   2.6906479e+00   1.5756419e+00
   2.5919183e+00   1.5746267e+00
   2.5912848e+00   1.5745626e+00
   2.4923014e+00   1.1504806e+00
   2.4916311e+00   1.1504642e+00
   2.3930432e+00   1.1438069e+00
   2.3924899e+00   1.1439195e+00
   2.2925369e+00   7.9978610e-01
   2.2916401e+00   7.9944926e-01
   2.1937514e+00   7.8035933e-01
   2.1924657e+00   7.8043912e-01
   2.0942063e+00   4.9164261e-01
   2.0934434e+00   4.9146489e-01
   1.9953195e+00   4.9192084e-01
   1.9944662e+00   5.0192189e-01
   1.8952028e+00   5.0289614e-01
   1.8946964e+00   5.0276174e-01
