   4.3481524e+01  -1.3015740e+00
   4.0209403e+01   5.6875300e+00
   4.0146199e+01   5.6651220e+00
   3.6868485e+01   5.6627190e+00
   3.6806599e+01   5.7155320e+00
   3.3532342e+01   4.5948240e+00
   3.3473273e+01   4.5768730e+00
   3.0194463e+01   4.4017020e+00
   3.0137630e+01   4.4194820e+00
   2.9133439e+01   3.7380380e+00
   2.9108005e+01   3.7162900e+00
   2.8604698e+01   4.0242860e+00
   2.8594847e+01   3.5742190e+00
   2.8090015e+01   3.9423050e+00
   2.8082800e+01   3.5357200e+00
   2.7581255e+01   3.8674400e+00
   2.7575443e+01   3.4504880e+00
   2.7074993e+01   3.7569330e+00
   2.7070019e+01   3.3617740e+00
   2.6570422e+01   3.2925040e+00
   2.6559844e+01   3.2734980e+00
   2.6065851e+01   3.2514940e+00
   2.6056372e+01   3.2160660e+00
   2.5560782e+01   3.5140110e+00
   2.5557813e+01   3.1476220e+00
   2.5058113e+01   3.4103850e+00
   2.5054606e+01   3.0869660e+00
   2.4556208e+01   3.0819470e+00
   2.4547809e+01   3.0656870e+00
   2.4051999e+01   3.3455850e+00
   2.4050708e+01   3.0411330e+00
   2.3550689e+01   3.2697730e+00
   2.3548223e+01   2.9996950e+00
   2.3048739e+01   3.0036900e+00
   2.3046104e+01   2.7486620e+00
   2.2547877e+01   2.8502360e+00
   2.2540576e+01   2.8413600e+00
   2.2044813e+01   3.1968770e+00
   2.2043024e+01   2.9488380e+00
   2.1543547e+01   3.1336910e+00
   2.1541487e+01   2.9227180e+00
   2.1042637e+01   3.3382470e+00
   2.1039804e+01   3.1565550e+00
   2.0541023e+01   3.0892830e+00
   2.0538363e+01   3.0987660e+00
   2.0043686e+01   3.0924440e+00
   2.0037095e+01   3.1013130e+00
   1.9542010e+01   3.3438070e+00
   1.9535931e+01   3.3495850e+00
   1.9041165e+01   3.3367709e+00
   1.9034522e+01   3.3594247e+00
   1.8540482e+01   3.2974808e+00
   1.8534810e+01   3.3112398e+00
   1.8040296e+01   3.5131629e+00
   1.8033700e+01   3.5202889e+00
   1.7539159e+01   3.4828970e+00
   1.7532291e+01   3.5050196e+00
   1.7039055e+01   3.6903419e+00
   1.7032546e+01   3.6991151e+00
   1.6534203e+01   3.7025541e+00
   1.6527744e+01   3.7089145e+00
   1.6034845e+01   3.9107756e+00
   1.6028709e+01   3.9204186e+00
   1.5536110e+01   3.9622282e+00
   1.5529425e+01   3.9748503e+00
   1.5037733e+01   4.0151273e+00
   1.5031095e+01   4.0208580e+00
   1.4536904e+01   4.2132076e+00
   1.4530515e+01   4.2189628e+00
   1.4037054e+01   4.3002777e+00
   1.4030091e+01   4.3171544e+00
   1.3537683e+01   4.5198928e+00
   1.3530780e+01   4.5286188e+00
   1.3037404e+01   4.6486344e+00
   1.3031054e+01   4.6574667e+00
   1.2537704e+01   4.8677450e+00
   1.2531482e+01   4.8668128e+00
   1.2038522e+01   5.0348185e+00
   1.2031551e+01   5.0475742e+00
   1.1539084e+01   5.2505279e+00
   1.1532558e+01   5.2525053e+00
   1.1039713e+01   5.4482584e+00
   1.1033134e+01   5.4498424e+00
   1.0540431e+01   5.6445198e+00
   1.0534557e+01   5.6456455e+00
   1.0041269e+01   5.6988333e+00
   1.0035692e+01   5.7037864e+00
   9.8898600e+00   5.8282371e+00
   9.8921565e+00   5.8258436e+00
   9.7909559e+00   5.8395546e+00
   9.7888335e+00   5.8398198e+00
   9.6900693e+00   5.8751055e+00
   9.6871248e+00   5.8736039e+00
   9.5850855e+00   5.8914795e+00
   9.5869445e+00   5.8902983e+00
   9.4865110e+00   5.9929696e+00
   9.4850759e+00   5.9941471e+00
   9.3853447e+00   5.9543260e+00
   9.3842435e+00   5.9558530e+00
   9.2849511e+00   5.9810366e+00
   9.2831108e+00   5.9808592e+00
   9.1840162e+00   5.9952584e+00
   9.1823427e+00   5.9956106e+00
   9.0834554e+00   6.0182722e+00
   9.0818396e+00   6.0162777e+00
   8.9827435e+00   6.0527108e+00
   8.9815216e+00   6.0525127e+00
   8.8825272e+00   6.0740185e+00
   8.8809239e+00   6.0759796e+00
   8.7819758e+00   6.0960896e+00
   8.7808723e+00   6.0948970e+00
   8.6819709e+00   6.1137951e+00
   8.6807856e+00   6.1124768e+00
   8.5816244e+00   6.1332206e+00
   8.5804398e+00   6.1310967e+00
   8.4816287e+00   6.1447922e+00
   8.4804806e+00   6.1432388e+00
   8.3817342e+00   6.1632739e+00
   8.3801034e+00   6.1627286e+00
   8.2817533e+00   6.1729866e+00
   8.2807536e+00   6.1737372e+00
   8.1814598e+00   6.1891766e+00
   8.1803981e+00   6.1898081e+00
   8.0817762e+00   6.1782270e+00
   8.0808522e+00   6.1777806e+00
   7.9815698e+00   6.1992775e+00
   7.9804553e+00   6.1998940e+00
   7.8815519e+00   6.1706221e+00
   7.8803570e+00   6.1712280e+00
   7.7812995e+00   6.1943935e+00
   7.7803293e+00   6.1954652e+00
   7.6816221e+00   6.1563618e+00
   7.6808906e+00   6.1569586e+00
   7.5818563e+00   6.1766929e+00
   7.5809192e+00   6.1783643e+00
   7.4818284e+00   6.1355839e+00
   7.4806190e+00   6.1351056e+00
   7.3820022e+00   6.1472184e+00
   7.3809323e+00   6.1438944e+00
   7.2823952e+00   6.0917554e+00
   7.2810920e+00   6.0924594e+00
   7.1823836e+00   6.0867412e+00
   7.1796796e+00   6.0910536e+00
   7.0813085e+00   6.0141987e+00
   7.0806881e+00   6.0149772e+00
   6.9816160e+00   6.0307194e+00
   6.9811007e+00   6.0304137e+00
   6.8822350e+00   5.9139306e+00
   6.8806467e+00   5.9115920e+00
   6.7823336e+00   5.9239936e+00
   6.7810444e+00   5.9245359e+00
   6.6826725e+00   5.8044321e+00
   6.6847266e+00   5.8040000e+00
   6.5834631e+00   5.8173234e+00
   6.5817003e+00   5.8180845e+00
   6.4841110e+00   5.6639585e+00
   6.4869103e+00   5.6783762e+00
   6.3818554e+00   5.6758021e+00
   6.3810768e+00   5.6774173e+00
   6.2820336e+00   5.5357969e+00
   6.2807900e+00   5.5372876e+00
   6.1826623e+00   5.5335743e+00
   6.1852183e+00   5.5344857e+00
   6.0837723e+00   5.3582890e+00
   6.0813541e+00   5.3584763e+00
   5.9827049e+00   5.3727653e+00
   5.9815656e+00   5.3724148e+00
   5.8829182e+00   5.1889321e+00
   5.8823442e+00   5.1901952e+00
   5.7831670e+00   5.1809329e+00
   5.7820407e+00   5.1793577e+00
   5.6835732e+00   4.9937297e+00
   5.6828005e+00   4.9940182e+00
   5.5832997e+00   5.0050990e+00
   5.5826012e+00   5.0060532e+00
   5.4838074e+00   4.7888597e+00
   5.4826144e+00   4.7893306e+00
   5.3842017e+00   4.8003246e+00
   5.3830298e+00   4.8023437e+00
   5.2840028e+00   4.5820919e+00
   5.2835575e+00   4.5821871e+00
   5.1848669e+00   4.5863413e+00
   5.1832655e+00   4.5854777e+00
   5.0850140e+00   4.3217760e+00
   5.0837642e+00   4.3208672e+00
   4.9850132e+00   4.3461277e+00
   4.9835714e+00   4.3444283e+00
   4.8853123e+00   4.1011208e+00
   4.8840024e+00   4.1016165e+00
   4.7852897e+00   4.0865345e+00
   4.7848199e+00   4.0837323e+00
   4.6852902e+00   3.8381232e+00
   4.6843772e+00   3.8381318e+00
   4.5856277e+00   3.8511947e+00
   4.5853645e+00   3.8528261e+00
   4.4862962e+00   3.5754329e+00
   4.4861645e+00   3.5794309e+00
   4.3862599e+00   3.5653497e+00
   4.3857141e+00   3.5663671e+00
   4.2875823e+00   3.3186164e+00
   4.2857517e+00   3.3154080e+00
   4.1867175e+00   3.2976667e+00
   4.1860340e+00   3.2974316e+00
   4.0868657e+00   3.0501107e+00
   4.0861178e+00   3.0497706e+00
   3.9875438e+00   3.0451373e+00
   3.9868694e+00   3.0444734e+00
   3.8880766e+00   2.7967032e+00
   3.8869928e+00   2.7977655e+00
   3.7882709e+00   2.8044932e+00
   3.7873369e+00   2.8047587e+00
   3.6896252e+00   2.5636555e+00
   3.6881085e+00   2.5626147e+00
   3.5895279e+00   2.5833746e+00
   3.5887332e+00   2.5846938e+00
   3.4889245e+00   2.4037595e+00
   3.4881518e+00   2.4036188e+00
   3.3884565e+00   2.3949197e+00
   3.3872114e+00   2.3948146e+00
   3.2883486e+00   2.3282737e+00
   3.2869462e+00   2.3278756e+00
   3.1885477e+00   2.3263964e+00
   3.1890119e+00   2.3274788e+00
   3.0892966e+00   2.3898807e+00
   3.0884535e+00   2.3899562e+00
   2.9897669e+00   2.4003126e+00
   2.9886290e+00   2.3999774e+00
   2.8901667e+00   2.6004989e+00
   2.8890691e+00   2.6003739e+00
   2.7911188e+00   2.6102415e+00
   2.7903418e+00   2.6111405e+00
   2.6909875e+00   2.8290300e+00
   2.6906479e+00   2.8286601e+00
   2.5919183e+00   2.8329084e+00
   2.5912848e+00   2.8328443e+00
   2.4923014e+00   2.9876310e+00
   2.4916311e+00   2.9876146e+00
   2.3930432e+00   2.9784127e+00
   2.3924899e+00   2.9785253e+00
   2.2925369e+00   2.9790629e+00
   2.2916401e+00   2.9787260e+00
   2.1937514e+00   3.0529513e+00
   2.1924657e+00   3.0530311e+00
   2.0942063e+00   3.0552564e+00
   2.0934434e+00   3.0550787e+00
   1.9953195e+00   3.0070016e+00
   1.9944662e+00   3.0068219e+00
   1.8952028e+00   3.0297392e+00
   1.8946964e+00   3.0296048e+00
