   4.3481524e+01  -4.9882400e-01
   4.0209403e+01   6.4902800e+00
   4.0146199e+01   6.4678720e+00
   3.6868485e+01   5.5381560e+00
   3.6806599e+01   6.3430790e+00
   3.3532342e+01   4.4087060e+00
   3.3473273e+01   4.3907550e+00
   3.0194463e+01   4.6991850e+00
   3.0137630e+01   4.7169650e+00
   2.9133439e+01   3.9894160e+00
   2.9108005e+01   3.9676680e+00
   2.8604698e+01   4.2771430e+00
   2.8594847e+01   3.8270760e+00
   2.8090015e+01   4.1391770e+00
   2.8082800e+01   3.7325920e+00
   2.7581255e+01   4.0551990e+00
   2.7575443e+01   3.6382470e+00
   2.7074993e+01   3.9269060e+00
   2.7070019e+01   3.5317470e+00
   2.6570422e+01   3.4742500e+00
   2.6559844e+01   3.4552440e+00
   2.6065851e+01   3.3950510e+00
   2.6056372e+01   3.3596230e+00
   2.5560782e+01   3.5414750e+00
   2.5557813e+01   3.1750860e+00
   2.5058113e+01   3.3451230e+00
   2.5054606e+01   3.0217040e+00
   2.4556208e+01   3.1329430e+00
   2.4547809e+01   3.1166830e+00
   2.4051999e+01   3.3540490e+00
   2.4050708e+01   3.0495970e+00
   2.3550689e+01   3.2660880e+00
   2.3548223e+01   2.9960100e+00
   2.3048739e+01   3.1706500e+00
   2.3046104e+01   2.9156220e+00
   2.2547877e+01   2.8835760e+00
   2.2540576e+01   2.8783920e+00
   2.2044813e+01   3.0563960e+00
   2.2043024e+01   2.8083570e+00
   2.1543547e+01   2.7829520e+00
   2.1541487e+01   2.5719790e+00
   2.1042637e+01   2.7512010e+00
   2.1039804e+01   2.5695090e+00
   2.0541023e+01   2.9244680e+00
   2.0538363e+01   2.9339510e+00
   2.0043686e+01   2.7224510e+00
   2.0037095e+01   2.7313200e+00
   1.9542010e+01   2.9193870e+00
   1.9535931e+01   2.9251650e+00
   1.9041165e+01   3.0890179e+00
   1.9034522e+01   3.1116717e+00
   1.8540482e+01   2.9690148e+00
   1.8534810e+01   2.9827738e+00
   1.8040296e+01   3.0105989e+00
   1.8033700e+01   3.0177249e+00
   1.7539159e+01   3.0902160e+00
   1.7532291e+01   3.1123386e+00
   1.7039055e+01   3.1713946e+00
   1.7032546e+01   3.1801678e+00
   1.6534203e+01   3.1761558e+00
   1.6527744e+01   3.1825162e+00
   1.6034845e+01   3.3588741e+00
   1.6028709e+01   3.3685171e+00
   1.5536110e+01   3.3902931e+00
   1.5529425e+01   3.4056388e+00
   1.5037733e+01   3.5792045e+00
   1.5031095e+01   3.5849352e+00
   1.4536904e+01   3.6447805e+00
   1.4530515e+01   3.6517067e+00
   1.4037054e+01   3.7468406e+00
   1.4030091e+01   3.7637173e+00
   1.3537683e+01   3.9619926e+00
   1.3530780e+01   3.9707186e+00
   1.3037404e+01   4.0969024e+00
   1.3031054e+01   4.1057347e+00
   1.2537704e+01   4.3372359e+00
   1.2531482e+01   4.3363037e+00
   1.2038522e+01   4.5126011e+00
   1.2031551e+01   4.5253568e+00
   1.1539084e+01   4.7585350e+00
   1.1532558e+01   4.7605124e+00
   1.1039713e+01   4.9815875e+00
   1.1033134e+01   4.9831715e+00
   1.0540431e+01   5.2036714e+00
   1.0534557e+01   5.2047971e+00
   1.0041269e+01   5.2808479e+00
   1.0035692e+01   5.2858010e+00
   9.8898600e+00   5.4705405e+00
   9.8921565e+00   5.4681470e+00
   9.7909559e+00   5.5273273e+00
   9.7888335e+00   5.5275925e+00
   9.6900693e+00   5.5533611e+00
   9.6871248e+00   5.5518595e+00
   9.5850855e+00   5.5974258e+00
   9.5869445e+00   5.5962446e+00
   9.4865110e+00   5.6950918e+00
   9.4850759e+00   5.6962694e+00
   9.3853447e+00   5.6859718e+00
   9.3842435e+00   5.6874988e+00
   9.2849511e+00   5.7224054e+00
   9.2831108e+00   5.7222280e+00
   9.1840162e+00   5.7846042e+00
   9.1823427e+00   5.7849565e+00
   9.0834554e+00   5.8090040e+00
   9.0818396e+00   5.8070095e+00
   8.9827435e+00   5.8703948e+00
   8.9815216e+00   5.8701968e+00
   8.8825272e+00   5.8907045e+00
   8.8809239e+00   5.8926656e+00
   8.7819758e+00   5.9706767e+00
   8.7808723e+00   5.9694841e+00
   8.6819709e+00   5.9836283e+00
   8.6807856e+00   5.9823100e+00
   8.5816244e+00   6.0408237e+00
   8.5804398e+00   6.0386998e+00
   8.4816287e+00   6.0610040e+00
   8.4804806e+00   6.0947305e+00
   8.3817342e+00   6.1127131e+00
   8.3801034e+00   6.1121678e+00
   8.2817533e+00   6.1773943e+00
   8.2807536e+00   6.1781449e+00
   8.1814598e+00   6.1956162e+00
   8.1803981e+00   6.1962477e+00
   8.0817762e+00   6.2414139e+00
   8.0808522e+00   6.2409675e+00
   7.9815698e+00   6.2531134e+00
   7.9804553e+00   6.2537299e+00
   7.8815519e+00   6.2952168e+00
   7.8803570e+00   6.2958227e+00
   7.7812995e+00   6.3063237e+00
   7.7803293e+00   6.3073954e+00
   7.6816221e+00   6.3377362e+00
   7.6808906e+00   6.3383330e+00
   7.5818563e+00   6.3437831e+00
   7.5809192e+00   6.3454545e+00
   7.4818284e+00   6.3579543e+00
   7.4806190e+00   6.3574760e+00
   7.3820022e+00   6.3820371e+00
   7.3809323e+00   6.3787131e+00
   7.2823952e+00   6.3707869e+00
   7.2810920e+00   6.3714909e+00
   7.1823836e+00   6.3897458e+00
   7.1796796e+00   6.3940582e+00
   7.0813085e+00   6.3704380e+00
   7.0806881e+00   6.3712165e+00
   6.9816160e+00   6.3882471e+00
   6.9811007e+00   6.3879414e+00
   6.8822350e+00   6.3564128e+00
   6.8806467e+00   6.3540742e+00
   6.7823336e+00   6.3678206e+00
   6.7810444e+00   6.3683629e+00
   6.6826725e+00   6.2943215e+00
   6.6847266e+00   6.2938894e+00
   6.5834631e+00   6.3062216e+00
   6.5817003e+00   6.3069827e+00
   6.4841110e+00   6.2139122e+00
   6.4869103e+00   6.2283299e+00
   6.3818554e+00   6.2488199e+00
   6.3810768e+00   6.2504351e+00
   6.2820336e+00   6.1447613e+00
   6.2807900e+00   6.1462520e+00
   6.1826623e+00   6.1613677e+00
   6.1852183e+00   6.1622791e+00
   6.0837723e+00   6.0443481e+00
   6.0813541e+00   6.0445353e+00
   5.9827049e+00   6.0521830e+00
   5.9815656e+00   6.0518325e+00
   5.8829182e+00   5.9120221e+00
   5.8823442e+00   5.9132852e+00
   5.7831670e+00   5.9305857e+00
   5.7820407e+00   5.9290105e+00
   5.6835732e+00   5.8021877e+00
   5.6828005e+00   5.8024762e+00
   5.5832997e+00   5.7826607e+00
   5.5826012e+00   5.7836149e+00
   5.4838074e+00   5.6390901e+00
   5.4826144e+00   5.6395610e+00
   5.3842017e+00   5.6444124e+00
   5.3830298e+00   5.6464315e+00
   5.2840028e+00   5.4656582e+00
   5.2835575e+00   5.4657534e+00
   5.1848669e+00   5.4647554e+00
   5.1832655e+00   5.4638918e+00
   5.0850140e+00   5.2645927e+00
   5.0837642e+00   5.2636839e+00
   4.9850132e+00   5.2816313e+00
   4.9835714e+00   5.2799319e+00
   4.8853123e+00   5.0450185e+00
   4.8840024e+00   5.0455142e+00
   4.7852897e+00   5.0523723e+00
   4.7848199e+00   5.0495701e+00
   4.6852902e+00   4.8164529e+00
   4.6843772e+00   4.8164615e+00
   4.5856277e+00   4.8261063e+00
   4.5853645e+00   4.8277377e+00
   4.4862962e+00   4.5718292e+00
   4.4861645e+00   4.5758272e+00
   4.3862599e+00   4.5731838e+00
   4.3857141e+00   4.5742012e+00
   4.2875823e+00   4.3003688e+00
   4.2857517e+00   4.2971604e+00
   4.1867175e+00   4.2992020e+00
   4.1860340e+00   4.2989669e+00
   4.0868657e+00   4.0308167e+00
   4.0861178e+00   4.0304766e+00
   3.9875438e+00   4.0268787e+00
   3.9868694e+00   4.0262148e+00
   3.8880766e+00   3.7365925e+00
   3.8869928e+00   3.7376548e+00
   3.7882709e+00   3.7563524e+00
   3.7873369e+00   3.7566179e+00
   3.6896252e+00   3.4691048e+00
   3.6881085e+00   3.4680640e+00
   3.5895279e+00   3.4511975e+00
   3.5887332e+00   3.4525167e+00
   3.4889245e+00   3.1532479e+00
   3.4881518e+00   3.1531072e+00
   3.3884565e+00   3.1620808e+00
   3.3872114e+00   3.1619757e+00
   3.2883486e+00   2.8856911e+00
   3.2869462e+00   2.8852930e+00
   3.1885477e+00   2.8773725e+00
   3.1890119e+00   2.8784549e+00
   3.0892966e+00   2.6345242e+00
   3.0884535e+00   2.6345997e+00
   2.9897669e+00   2.6307739e+00
   2.9886290e+00   2.6304387e+00
   2.8901667e+00   2.4007190e+00
   2.8890691e+00   2.4005940e+00
   2.7911188e+00   2.4318253e+00
   2.7903418e+00   2.4327243e+00
   2.6909875e+00   2.2477898e+00
   2.6906479e+00   2.2474199e+00
   2.5919183e+00   2.2321566e+00
   2.5912848e+00   2.2320925e+00
   2.4923014e+00   2.1671092e+00
   2.4916311e+00   2.1670928e+00
   2.3930432e+00   2.1587462e+00
   2.3924899e+00   2.1588588e+00
   2.2925369e+00   2.1751502e+00
   2.2916401e+00   2.1748133e+00
   2.1937514e+00   2.1751653e+00
   2.1924657e+00   2.1554128e+00
   2.0942063e+00   2.1555070e+00
   2.0934434e+00   2.1553293e+00
   1.9953195e+00   2.2699076e+00
   1.9944662e+00   2.2697279e+00
   1.8952028e+00   2.2722309e+00
   1.8946964e+00   2.2720965e+00
