   4.3481524e+01  -5.6426200e-01
   4.0209403e+01   6.4248420e+00
   4.0146199e+01   6.4024340e+00
   3.6868485e+01   5.4287230e+00
   3.6806599e+01   6.2119200e+00
   3.3532342e+01   6.1515260e+00
   3.3473273e+01   4.1599550e+00
   3.0194463e+01   4.5205100e+00
   3.0137630e+01   4.5382900e+00
   2.9133439e+01   3.8191000e+00
   2.9108005e+01   3.7973520e+00
   2.8604698e+01   4.1238900e+00
   2.8594847e+01   3.6738230e+00
   2.8090015e+01   3.9821430e+00
   2.8082800e+01   3.5755580e+00
   2.7581255e+01   3.9001990e+00
   2.7575443e+01   3.4832470e+00
   2.7074993e+01   3.7429320e+00
   2.7070019e+01   3.3477730e+00
   2.6570422e+01   3.2911000e+00
   2.6559844e+01   3.2720940e+00
   2.6065851e+01   3.1585410e+00
   2.6056372e+01   3.1231130e+00
   2.5560782e+01   3.3223870e+00
   2.5557813e+01   2.9559980e+00
   2.5058113e+01   3.1636720e+00
   2.5054606e+01   2.8402530e+00
   2.4556208e+01   2.8917630e+00
   2.4547809e+01   2.8755030e+00
   2.4051999e+01   3.0869740e+00
   2.4050708e+01   2.7825220e+00
   2.3550689e+01   3.0159940e+00
   2.3548223e+01   2.7459160e+00
   2.3048739e+01   2.9046580e+00
   2.3046104e+01   2.6496300e+00
   2.2547877e+01   2.5968980e+00
   2.2540576e+01   2.5880220e+00
   2.2044813e+01   2.7604690e+00
   2.2043024e+01   2.5124300e+00
   2.1543547e+01   2.4853760e+00
   2.1541487e+01   2.2744030e+00
   2.1042637e+01   2.4443200e+00
   2.1039804e+01   2.2626280e+00
   2.0541023e+01   2.4369140e+00
   2.0538363e+01   2.4463970e+00
   2.0043686e+01   2.3888040e+00
   2.0037095e+01   2.3976730e+00
   1.9542010e+01   2.5636330e+00
   1.9535931e+01   2.5694110e+00
   1.9041165e+01   2.5340009e+00
   1.9034522e+01   2.5566547e+00
   1.8540482e+01   2.5375568e+00
   1.8534810e+01   2.5513158e+00
   1.8040296e+01   2.5602849e+00
   1.8033700e+01   2.5674109e+00
   1.7539159e+01   2.6019289e+00
   1.7532291e+01   2.6240515e+00
   1.7039055e+01   2.6608211e+00
   1.7032546e+01   2.6695943e+00
   1.6534203e+01   2.6563853e+00
   1.6527744e+01   2.6627457e+00
   1.6034845e+01   2.8448482e+00
   1.6028709e+01   2.8544912e+00
   1.5536110e+01   2.8580137e+00
   1.5529425e+01   2.8733594e+00
   1.5037733e+01   3.0477909e+00
   1.5031095e+01   3.0535216e+00
   1.4536904e+01   3.0898144e+00
   1.4530515e+01   3.0955696e+00
   1.4037054e+01   3.2698330e+00
   1.4030091e+01   3.2867097e+00
   1.3537683e+01   3.3795496e+00
   1.3530780e+01   3.3811380e+00
   1.3037404e+01   3.5057117e+00
   1.3031054e+01   3.5145440e+00
   1.2537704e+01   3.7430629e+00
   1.2531482e+01   3.7421307e+00
   1.2038522e+01   3.9130026e+00
   1.2031551e+01   3.9257583e+00
   1.1539084e+01   4.1565723e+00
   1.1532558e+01   4.1585497e+00
   1.1039713e+01   4.3961204e+00
   1.1033134e+01   4.3977044e+00
   1.0540431e+01   4.6506925e+00
   1.0534557e+01   4.6518182e+00
   1.0041269e+01   4.8185053e+00
   1.0035692e+01   4.8234584e+00
   9.8898600e+00   4.9602538e+00
   9.8921565e+00   4.9578603e+00
   9.7909559e+00   5.0352395e+00
   9.7888335e+00   5.0355047e+00
   9.6900693e+00   5.0805824e+00
   9.6871248e+00   5.0790808e+00
   9.5850855e+00   5.1217490e+00
   9.5869445e+00   5.1205678e+00
   9.4865110e+00   5.2148195e+00
   9.4850759e+00   5.2159970e+00
   9.3853447e+00   5.2444530e+00
   9.3842435e+00   5.2459800e+00
   9.2849511e+00   5.2660246e+00
   9.2831108e+00   5.2658472e+00
   9.1840162e+00   5.3614881e+00
   9.1823427e+00   5.3618404e+00
   9.0834554e+00   5.3774845e+00
   9.0818396e+00   5.3754900e+00
   8.9827435e+00   5.4822074e+00
   8.9815216e+00   5.4820094e+00
   8.8825272e+00   5.4924961e+00
   8.8809239e+00   5.4944572e+00
   8.7819758e+00   5.5881706e+00
   8.7808723e+00   5.5869779e+00
   8.6819709e+00   5.6146248e+00
   8.6807856e+00   5.6133065e+00
   8.5816244e+00   5.7170885e+00
   8.5804398e+00   5.7149646e+00
   8.4816287e+00   5.7359289e+00
   8.4804806e+00   5.7343755e+00
   8.3817342e+00   5.8369366e+00
   8.3801034e+00   5.8363913e+00
   8.2817533e+00   5.8529393e+00
   8.2807536e+00   5.8536899e+00
   8.1814598e+00   5.9479050e+00
   8.1803981e+00   5.9485365e+00
   8.0817762e+00   5.9639022e+00
   8.0808522e+00   5.9634558e+00
   7.9815698e+00   6.0561106e+00
   7.9804553e+00   6.0567271e+00
   7.8815519e+00   6.0766605e+00
   7.8803570e+00   6.0772664e+00
   7.7812995e+00   6.1713032e+00
   7.7803293e+00   6.1723749e+00
   7.6816221e+00   6.1847582e+00
   7.6808906e+00   6.1853550e+00
   7.5818563e+00   6.2682464e+00
   7.5809192e+00   6.2699178e+00
   7.4818284e+00   6.2882863e+00
   7.4806190e+00   6.3534874e+00
   7.3820022e+00   6.3647839e+00
   7.3809323e+00   6.3614599e+00
   7.2823952e+00   6.4296602e+00
   7.2810920e+00   6.4303642e+00
   7.1823836e+00   6.4344059e+00
   7.1796796e+00   6.4387183e+00
   7.0813085e+00   6.4961096e+00
   7.0806881e+00   6.4968881e+00
   6.9816160e+00   6.5060880e+00
   6.9811007e+00   6.5057823e+00
   6.8822350e+00   6.5359548e+00
   6.8806467e+00   6.5336162e+00
   6.7823336e+00   6.5470030e+00
   6.7810444e+00   6.5475453e+00
   6.6826725e+00   6.5716603e+00
   6.6847266e+00   6.5712282e+00
   6.5834631e+00   6.5808124e+00
   6.5817003e+00   6.5815735e+00
   6.4841110e+00   6.5919909e+00
   6.4869103e+00   6.6064086e+00
   6.3818554e+00   6.6021627e+00
   6.3810768e+00   6.6037779e+00
   6.2820336e+00   6.6076771e+00
   6.2807900e+00   6.6091678e+00
   6.1826623e+00   6.6259000e+00
   6.1852183e+00   6.6268114e+00
   6.0837723e+00   6.6029912e+00
   6.0813541e+00   6.6031784e+00
   5.9827049e+00   6.5984144e+00
   5.9815656e+00   6.5980639e+00
   5.8829182e+00   6.5740811e+00
   5.8823442e+00   6.5753442e+00
   5.7831670e+00   6.5859127e+00
   5.7820407e+00   6.5843375e+00
   5.6835732e+00   6.5302788e+00
   5.6828005e+00   6.5305673e+00
   5.5832997e+00   6.5271882e+00
   5.5826012e+00   6.5281424e+00
   5.4838074e+00   6.4516447e+00
   5.4826144e+00   6.4521156e+00
   5.3842017e+00   6.4517608e+00
   5.3830298e+00   6.4537799e+00
   5.2840028e+00   6.3659118e+00
   5.2835575e+00   6.3660070e+00
   5.1848669e+00   6.3645342e+00
   5.1832655e+00   6.3636706e+00
   5.0850140e+00   6.2497200e+00
   5.0837642e+00   6.2488112e+00
   4.9850132e+00   6.2505929e+00
   4.9835714e+00   6.2488935e+00
   4.8853123e+00   6.1137491e+00
   4.8840024e+00   6.1142448e+00
   4.7852897e+00   6.1094207e+00
   4.7848199e+00   6.1066185e+00
   4.6852902e+00   5.9192372e+00
   4.6843772e+00   5.9192458e+00
   4.5856277e+00   5.9307310e+00
   4.5853645e+00   5.9323624e+00
   4.4862962e+00   5.7414162e+00
   4.4861645e+00   5.7454142e+00
   4.3862599e+00   5.7430752e+00
   4.3857141e+00   5.7440926e+00
   4.2875823e+00   5.5145212e+00
   4.2857517e+00   5.5113128e+00
   4.1867175e+00   5.5166325e+00
   4.1860340e+00   5.5163974e+00
   4.0868657e+00   5.2608931e+00
   4.0861178e+00   5.2605530e+00
   3.9875438e+00   5.2659886e+00
   3.9868694e+00   5.2653247e+00
   3.8880766e+00   4.9909743e+00
   3.8869928e+00   4.9920366e+00
   3.7882709e+00   4.9825947e+00
   3.7873369e+00   4.9828602e+00
   3.6896252e+00   4.6759291e+00
   3.6881085e+00   4.6748883e+00
   3.5895279e+00   4.6905017e+00
   3.5887332e+00   4.6918209e+00
   3.4889245e+00   4.3641449e+00
   3.4881518e+00   4.3640042e+00
   3.3884565e+00   4.3621219e+00
   3.3872114e+00   4.3620168e+00
   3.2883486e+00   4.0188651e+00
   3.2869462e+00   4.0184670e+00
   3.1885477e+00   4.0531669e+00
   3.1890119e+00   4.0542493e+00
   3.0892966e+00   3.7077002e+00
   3.0884535e+00   3.7077757e+00
   2.9897669e+00   3.7165176e+00
   2.9886290e+00   3.7161824e+00
   2.8901667e+00   3.3947498e+00
   2.8890691e+00   3.3946248e+00
   2.7911188e+00   3.3971251e+00
   2.7903418e+00   3.3980241e+00
   2.6909875e+00   3.1031304e+00
   2.6906479e+00   3.1027605e+00
   2.5919183e+00   3.0997609e+00
   2.5912848e+00   3.0996968e+00
   2.4923014e+00   2.8454407e+00
   2.4916311e+00   2.8454243e+00
   2.3930432e+00   2.8487071e+00
   2.3924899e+00   2.8488197e+00
   2.2925369e+00   2.5954069e+00
   2.2916401e+00   2.5950700e+00
   2.1937514e+00   2.6110161e+00
   2.1924657e+00   2.6110959e+00
   2.0942063e+00   2.4002978e+00
   2.0934434e+00   2.4001201e+00
   1.9953195e+00   2.4005761e+00
   1.9944662e+00   2.4054585e+00
   1.8952028e+00   2.4064328e+00
   1.8946964e+00   2.4062984e+00
