   4.3481524e+01  -5.3440600e-01
   4.0209403e+01   6.4546980e+00
   4.0146199e+01   6.4322900e+00
   3.6868485e+01   6.3677200e+00
   3.6806599e+01   6.4458580e+00
   3.3532342e+01   6.4893560e+00
   3.3473273e+01   5.1053960e+00
   3.0194463e+01   5.0559600e+00
   3.0137630e+01   5.0737400e+00
   2.9133439e+01   4.4056680e+00
   2.9108005e+01   4.3839200e+00
   2.8604698e+01   4.7172080e+00
   2.8594847e+01   4.2671410e+00
   2.8090015e+01   4.6120900e+00
   2.8082800e+01   4.2055050e+00
   2.7581255e+01   4.5586540e+00
   2.7575443e+01   4.1417020e+00
   2.7074993e+01   4.4764720e+00
   2.7070019e+01   4.0813130e+00
   2.6570422e+01   4.0276680e+00
   2.6559844e+01   4.0086620e+00
   2.6065851e+01   3.9680350e+00
   2.6056372e+01   3.9326070e+00
   2.5560782e+01   4.2741760e+00
   2.5557813e+01   3.9077870e+00
   2.5058113e+01   4.1801130e+00
   2.5054606e+01   3.8566940e+00
   2.4556208e+01   3.8598870e+00
   2.4547809e+01   3.8436270e+00
   2.4051999e+01   4.1243590e+00
   2.4050708e+01   3.8199070e+00
   2.3550689e+01   4.0618640e+00
   2.3548223e+01   3.7917860e+00
   2.3048739e+01   4.0337250e+00
   2.3046104e+01   3.7786970e+00
   2.2547877e+01   3.8069480e+00
   2.2540576e+01   3.7980720e+00
   2.2044813e+01   4.0148710e+00
   2.2043024e+01   3.7668320e+00
   2.1543547e+01   4.0015770e+00
   2.1541487e+01   3.7906040e+00
   2.1042637e+01   4.0124560e+00
   2.1039804e+01   3.8307640e+00
   2.0541023e+01   4.0472200e+00
   2.0538363e+01   4.0567030e+00
   2.0043686e+01   4.0695100e+00
   2.0037095e+01   4.0783790e+00
   1.9542010e+01   4.1676930e+00
   1.9535931e+01   4.1734710e+00
   1.9041165e+01   4.3875269e+00
   1.9034522e+01   4.4101807e+00
   1.8540482e+01   4.3952588e+00
   1.8534810e+01   4.4090178e+00
   1.8040296e+01   4.6669769e+00
   1.8033700e+01   4.6741029e+00
   1.7539159e+01   4.7114320e+00
   1.7532291e+01   4.7335546e+00
   1.7039055e+01   4.9719859e+00
   1.7032546e+01   4.9807591e+00
   1.6534203e+01   5.0434385e+00
   1.6527744e+01   5.0497989e+00
   1.6034845e+01   5.3031085e+00
   1.6028709e+01   5.3127515e+00
   1.5536110e+01   5.4019643e+00
   1.5529425e+01   5.4173100e+00
   1.5037733e+01   5.6895836e+00
   1.5031095e+01   5.6953143e+00
   1.4536904e+01   5.8556328e+00
   1.4530515e+01   5.8648086e+00
   1.4037054e+01   6.0759905e+00
   1.4030091e+01   6.0928672e+00
   1.3537683e+01   6.3612780e+00
   1.3530780e+01   6.3700040e+00
   1.3037404e+01   6.6059290e+00
   1.3031054e+01   6.6147613e+00
   1.2537704e+01   6.9299977e+00
   1.2531482e+01   6.9290655e+00
   1.2038522e+01   7.2087081e+00
   1.2031551e+01   7.2214638e+00
   1.1539084e+01   7.5059600e+00
   1.1532558e+01   7.5079374e+00
   1.1039713e+01   7.8262724e+00
   1.1033134e+01   7.8278564e+00
   1.0540431e+01   8.0611696e+00
   1.0534557e+01   8.0622953e+00
   1.0041269e+01   8.3329726e+00
   1.0035692e+01   8.3379257e+00
   9.8898600e+00   8.1654288e+00
   9.8921565e+00   8.1630353e+00
   9.7909559e+00   8.4330628e+00
   9.7888335e+00   8.4333280e+00
   9.6900693e+00   8.4662644e+00
   9.6871248e+00   8.4647628e+00
   9.5850855e+00   8.3978189e+00
   9.5869445e+00   8.3966377e+00
   9.4865110e+00   8.5759663e+00
   9.4850759e+00   8.5771438e+00
   9.3853447e+00   8.5840153e+00
   9.3842435e+00   8.5855423e+00
   9.2849511e+00   8.6047969e+00
   9.2831108e+00   8.6046195e+00
   9.1840162e+00   8.6723735e+00
   9.1823427e+00   8.6727258e+00
   9.0834554e+00   8.6902318e+00
   9.0818396e+00   8.6882373e+00
   8.9827435e+00   8.7331456e+00
   8.9815216e+00   8.7329475e+00
   8.8825272e+00   8.7483567e+00
   8.8809239e+00   8.7503178e+00
   8.7819758e+00   8.7927578e+00
   8.7808723e+00   8.7915652e+00
   8.6819709e+00   8.8057120e+00
   8.6807856e+00   8.8043937e+00
   8.5816244e+00   8.8219027e+00
   8.5804398e+00   8.8197788e+00
   8.4816287e+00   8.8423798e+00
   8.4804806e+00   8.8408264e+00
   8.3817342e+00   8.8432134e+00
   8.3801034e+00   8.8426681e+00
   8.2817533e+00   8.8424044e+00
   8.2807536e+00   8.8431550e+00
   8.1814598e+00   8.8618739e+00
   8.1803981e+00   8.8625054e+00
   8.0817762e+00   8.8142640e+00
   8.0808522e+00   8.8138176e+00
   7.9815698e+00   8.8356935e+00
   7.9804553e+00   8.8363100e+00
   7.8815519e+00   8.7791286e+00
   7.8803570e+00   8.7797345e+00
   7.7812995e+00   8.7933685e+00
   7.7803293e+00   8.7944402e+00
   7.6816221e+00   8.7242313e+00
   7.6808906e+00   8.7248281e+00
   7.5818563e+00   8.7540662e+00
   7.5809192e+00   8.7557376e+00
   7.4818284e+00   8.6542243e+00
   7.4806190e+00   8.6537460e+00
   7.3820022e+00   8.6606592e+00
   7.3809323e+00   8.6573352e+00
   7.2823952e+00   8.5140385e+00
   7.2810920e+00   8.5147425e+00
   7.1823836e+00   8.5373603e+00
   7.1796796e+00   8.5416727e+00
   7.0813085e+00   8.3687113e+00
   7.0806881e+00   8.3694898e+00
   6.9816160e+00   8.3758550e+00
   6.9811007e+00   8.3755493e+00
   6.8822350e+00   8.1959055e+00
   6.8806467e+00   8.1935669e+00
   6.7823336e+00   8.2097321e+00
   6.7810444e+00   8.2102744e+00
   6.6826725e+00   7.9737818e+00
   6.6847266e+00   7.9733497e+00
   6.5834631e+00   7.9950198e+00
   6.5817003e+00   7.9957809e+00
   6.4841110e+00   7.7045069e+00
   6.4869103e+00   7.7189246e+00
   6.3818554e+00   7.7322575e+00
   6.3810768e+00   7.7338727e+00
   6.2820336e+00   7.4456288e+00
   6.2807900e+00   7.4471195e+00
   6.1826623e+00   7.4533314e+00
   6.1852183e+00   7.4542428e+00
   6.0837723e+00   7.0970486e+00
   6.0813541e+00   7.0972358e+00
   5.9827049e+00   7.1367156e+00
   5.9815656e+00   7.1363651e+00
   5.8829182e+00   6.8031629e+00
   5.8823442e+00   6.8044260e+00
   5.7831670e+00   6.8037316e+00
   5.7820407e+00   6.8021564e+00
   5.6835732e+00   6.4331818e+00
   5.6828005e+00   6.4334703e+00
   5.5832997e+00   6.4314017e+00
   5.5826012e+00   6.4323559e+00
   5.4838074e+00   6.0707337e+00
   5.4826144e+00   6.0712046e+00
   5.3842017e+00   6.0538066e+00
   5.3830298e+00   6.0558257e+00
   5.2840028e+00   5.6578808e+00
   5.2835575e+00   5.6579760e+00
   5.1848669e+00   5.6592961e+00
   5.1832655e+00   5.6584325e+00
   5.0850140e+00   5.2620018e+00
   5.0837642e+00   5.2610930e+00
   4.9850132e+00   5.2279735e+00
   4.9835714e+00   5.2262741e+00
   4.8853123e+00   4.7971841e+00
   4.8840024e+00   4.7976798e+00
   4.7852897e+00   4.8079206e+00
   4.7848199e+00   4.8051184e+00
   4.6852902e+00   4.3451529e+00
   4.6843772e+00   4.3451615e+00
   4.5856277e+00   4.3433492e+00
   4.5853645e+00   4.3449806e+00
   4.4862962e+00   3.9077188e+00
   4.4861645e+00   3.9117168e+00
   4.3862599e+00   3.9107044e+00
   4.3857141e+00   3.9117218e+00
   4.2875823e+00   3.4427157e+00
   4.2857517e+00   3.4395073e+00
   4.1867175e+00   3.4644659e+00
   4.1860340e+00   3.4642308e+00
   4.0868657e+00   3.0059608e+00
   4.0861178e+00   3.0056207e+00
   3.9875438e+00   2.9998854e+00
   3.9868694e+00   2.9992215e+00
   3.8880766e+00   2.5682893e+00
   3.8869928e+00   2.5693516e+00
   3.7882709e+00   2.5648736e+00
   3.7873369e+00   2.5651391e+00
   3.6896252e+00   2.1577501e+00
   3.6881085e+00   2.1567093e+00
   3.5895279e+00   2.1489542e+00
   3.5887332e+00   2.1502734e+00
   3.4889245e+00   1.7406059e+00
   3.4881518e+00   1.7404652e+00
   3.3884565e+00   1.7312614e+00
   3.3872114e+00   1.7311563e+00
   3.2883486e+00   1.3735162e+00
   3.2869462e+00   1.3731181e+00
   3.1885477e+00   1.3694887e+00
   3.1890119e+00   1.3705711e+00
   3.0892966e+00   1.0480733e+00
   3.0884535e+00   1.0481489e+00
   2.9897669e+00   1.0404340e+00
   2.9886290e+00   1.0400988e+00
   2.8901667e+00   7.5790769e-01
   2.8890691e+00   7.5778267e-01
   2.7911188e+00   7.6112230e-01
   2.7903418e+00   7.6202129e-01
   2.6909875e+00   5.2746779e-01
   2.6906479e+00   5.2709785e-01
   2.5919183e+00   5.2465950e-01
   2.5912848e+00   5.2459536e-01
   2.4923014e+00   3.5233012e-01
   2.4916311e+00   3.5231369e-01
   2.3930432e+00   3.5087620e-01
   2.3924899e+00   3.5098876e-01
   2.2925369e+00   3.5152634e-01
   2.2916401e+00   3.5118950e-01
   2.1937514e+00   2.1055565e-01
   2.1924657e+00   2.1063544e-01
   2.0942063e+00   2.1381231e-01
   2.0934434e+00   2.1363459e-01
   1.9953195e+00   1.1735064e-01
   1.9944662e+00   1.1717101e-01
   1.8952028e+00   1.1763965e-01
   1.8946964e+00   1.1750525e-01
