   4.3481524e+01   4.4750900e-01
   4.0209403e+01   5.1667840e+00
   4.0146199e+01   5.1443760e+00
   3.6868485e+01   5.6463770e+00
   3.6806599e+01   4.2770850e+00
   3.3532342e+01   4.0203810e+00
   3.3473273e+01   4.0024300e+00
   3.0194463e+01   3.7739470e+00
   3.0137630e+01   3.7917270e+00
   2.9133439e+01   3.0977570e+00
   2.9108005e+01   3.0760090e+00
   2.8604698e+01   3.4387040e+00
   2.8594847e+01   2.9886370e+00
   2.8090015e+01   3.3056320e+00
   2.8082800e+01   2.8990470e+00
   2.7581255e+01   3.1918300e+00
   2.7575443e+01   2.7748780e+00
   2.7074993e+01   3.0758270e+00
   2.7070019e+01   2.6806680e+00
   2.6570422e+01   2.6017450e+00
   2.6559844e+01   2.5827390e+00
   2.6065851e+01   2.4936070e+00
   2.6056372e+01   2.4581790e+00
   2.5560782e+01   2.7158830e+00
   2.5557813e+01   2.3494940e+00
   2.5058113e+01   2.5870130e+00
   2.5054606e+01   2.2635940e+00
   2.4556208e+01   2.2028720e+00
   2.4547809e+01   2.1866120e+00
   2.4051999e+01   2.3966220e+00
   2.4050708e+01   2.0921700e+00
   2.3550689e+01   2.2836150e+00
   2.3548223e+01   2.0135370e+00
   2.3048739e+01   2.2020680e+00
   2.3046104e+01   1.9470400e+00
   2.2547877e+01   1.8901920e+00
   2.2540576e+01   1.8687230e+00
   2.2044813e+01   2.0335010e+00
   2.2043024e+01   1.7854620e+00
   2.1543547e+01   1.9510050e+00
   2.1541487e+01   1.7400320e+00
   2.1042637e+01   1.8831270e+00
   2.1039804e+01   1.7014350e+00
   2.0541023e+01   1.8128920e+00
   2.0538363e+01   1.8223750e+00
   2.0043686e+01   1.7444370e+00
   2.0037095e+01   1.7533060e+00
   1.9542010e+01   1.8603480e+00
   1.9535931e+01   1.8661260e+00
   1.9041165e+01   1.8272999e+00
   1.9034522e+01   1.8499537e+00
   1.8540482e+01   1.6502398e+00
   1.8534810e+01   1.6639988e+00
   1.8040296e+01   1.7856685e+00
   1.8033700e+01   1.7927945e+00
   1.7539159e+01   1.6333467e+00
   1.7532291e+01   1.6554693e+00
   1.7039055e+01   1.7779400e+00
   1.7032546e+01   1.7867132e+00
   1.6534203e+01   1.6878698e+00
   1.6527744e+01   1.6942302e+00
   1.6034845e+01   1.8085133e+00
   1.6028709e+01   1.8181563e+00
   1.5536110e+01   1.7363500e+00
   1.5529425e+01   1.7516957e+00
   1.5037733e+01   1.8658905e+00
   1.5031095e+01   1.8716212e+00
   1.4536904e+01   1.8174135e+00
   1.4530515e+01   1.8231687e+00
   1.4037054e+01   1.9550225e+00
   1.4030091e+01   1.9718992e+00
   1.3537683e+01   1.9662636e+00
   1.3530780e+01   1.9749896e+00
   1.3037404e+01   2.0976062e+00
   1.3031054e+01   2.1064385e+00
   1.2537704e+01   2.1476624e+00
   1.2531482e+01   2.1467302e+00
   1.2038522e+01   2.2914392e+00
   1.2031551e+01   2.3041949e+00
   1.1539084e+01   2.4242072e+00
   1.1532558e+01   2.4261846e+00
   1.1039713e+01   2.6117811e+00
   1.1033134e+01   2.5935688e+00
   1.0540431e+01   2.7909225e+00
   1.0534557e+01   2.7920482e+00
   1.0041269e+01   2.9675956e+00
   1.0035692e+01   2.8745330e+00
   9.8898600e+00   3.1058813e+00
   9.8921565e+00   3.1034878e+00
   9.7909559e+00   3.0759698e+00
   9.7888335e+00   3.0762350e+00
   9.6900693e+00   3.1147320e+00
   9.6871248e+00   3.1132304e+00
   9.5850855e+00   3.1616582e+00
   9.5869445e+00   3.1604770e+00
   9.4865110e+00   3.1809894e+00
   9.4850759e+00   3.1821670e+00
   9.3853447e+00   3.2639615e+00
   9.3842435e+00   3.2654885e+00
   9.2849511e+00   3.2935459e+00
   9.2831108e+00   3.2933685e+00
   9.1840162e+00   3.3722155e+00
   9.1823427e+00   3.3725677e+00
   9.0834554e+00   3.3968099e+00
   9.0818396e+00   3.3948154e+00
   8.9827435e+00   3.4785174e+00
   8.9815216e+00   3.4783194e+00
   8.8825272e+00   3.5069202e+00
   8.8809239e+00   3.5088813e+00
   8.7819758e+00   3.5918816e+00
   8.7808723e+00   3.5906889e+00
   8.6819709e+00   3.6248927e+00
   8.6807856e+00   3.6235744e+00
   8.5816244e+00   3.7226704e+00
   8.5804398e+00   3.7205465e+00
   8.4816287e+00   3.7407601e+00
   8.4804806e+00   3.7392067e+00
   8.3817342e+00   3.8446845e+00
   8.3801034e+00   3.8441392e+00
   8.2817533e+00   3.8694518e+00
   8.2807536e+00   3.8702024e+00
   8.1814598e+00   3.9807519e+00
   8.1803981e+00   3.9813834e+00
   8.0817762e+00   3.9955590e+00
   8.0808522e+00   3.9951126e+00
   7.9815698e+00   4.1181088e+00
   7.9804553e+00   4.1187253e+00
   7.8815519e+00   4.1344119e+00
   7.8803570e+00   4.1350178e+00
   7.7812995e+00   4.2608523e+00
   7.7803293e+00   4.2619240e+00
   7.6816221e+00   4.2765567e+00
   7.6808906e+00   4.2771535e+00
   7.5818563e+00   4.4169477e+00
   7.5809192e+00   4.4186191e+00
   7.4818284e+00   4.4243591e+00
   7.4806190e+00   4.4238808e+00
   7.3820022e+00   4.5788326e+00
   7.3809323e+00   4.5755086e+00
   7.2823952e+00   4.5827794e+00
   7.2810920e+00   4.5834834e+00
   7.1823836e+00   4.7279127e+00
   7.1796796e+00   4.7322251e+00
   7.0813085e+00   4.7501263e+00
   7.0806881e+00   4.7509048e+00
   6.9816160e+00   4.9115635e+00
   6.9811007e+00   4.9112578e+00
   6.8822350e+00   4.9261052e+00
   6.8806467e+00   4.9237666e+00
   6.7823336e+00   5.0879492e+00
   6.7810444e+00   5.0884915e+00
   6.6826725e+00   5.1100063e+00
   6.6847266e+00   5.1095742e+00
   6.5834631e+00   5.2723512e+00
   6.5817003e+00   5.2731123e+00
   6.4841110e+00   5.2664948e+00
   6.4869103e+00   5.2809125e+00
   6.3818554e+00   5.4598662e+00
   6.3810768e+00   5.4614814e+00
   6.2820336e+00   5.4725523e+00
   6.2807900e+00   5.4740430e+00
   6.1826623e+00   5.6682460e+00
   6.1852183e+00   5.6691574e+00
   6.0837723e+00   5.6796731e+00
   6.0813541e+00   5.6798604e+00
   5.9827049e+00   5.8682118e+00
   5.9815656e+00   5.8678613e+00
   5.8829182e+00   5.8783917e+00
   5.8823442e+00   5.8796548e+00
   5.7831670e+00   6.0735124e+00
   5.7820407e+00   6.0719372e+00
   5.6835732e+00   6.0876430e+00
   5.6828005e+00   6.0879315e+00
   5.5832997e+00   6.2842423e+00
   5.5826012e+00   6.2851965e+00
   5.4838074e+00   6.2958447e+00
   5.4826144e+00   6.2963156e+00
   5.3842017e+00   6.4917845e+00
   5.3830298e+00   6.4938036e+00
   5.2840028e+00   6.5014694e+00
   5.2835575e+00   6.5015646e+00
   5.1848669e+00   6.7012723e+00
   5.1832655e+00   6.7004087e+00
   5.0850140e+00   6.7253661e+00
   5.0837642e+00   6.7244573e+00
   4.9850132e+00   6.8856292e+00
   4.9835714e+00   6.8949326e+00
   4.8853123e+00   7.0588387e+00
   4.8840024e+00   7.0593344e+00
   4.7852897e+00   7.0991013e+00
   4.7848199e+00   7.0962991e+00
   4.6852902e+00   7.2670895e+00
   4.6843772e+00   7.2670981e+00
   4.5856277e+00   7.2808285e+00
   4.5853645e+00   7.2824599e+00
   4.4862962e+00   7.4449673e+00
   4.4861645e+00   7.4489653e+00
   4.3862599e+00   7.4380586e+00
   4.3857141e+00   7.4390760e+00
   4.2875823e+00   7.5830033e+00
   4.2857517e+00   7.5797949e+00
   4.1867175e+00   7.6098988e+00
   4.1860340e+00   7.6096637e+00
   4.0868657e+00   7.6911672e+00
   4.0861178e+00   7.6908271e+00
   3.9875438e+00   7.6916003e+00
   3.9868694e+00   7.6909364e+00
   3.8880766e+00   7.7534900e+00
   3.8869928e+00   7.7545523e+00
   3.7882709e+00   7.7378788e+00
   3.7873369e+00   7.7381443e+00
   3.6896252e+00   7.7557735e+00
   3.6881085e+00   7.7547327e+00
   3.5895279e+00   7.7596674e+00
   3.5887332e+00   7.7609866e+00
   3.4889245e+00   7.6854150e+00
   3.4881518e+00   7.6852743e+00
   3.3884565e+00   7.7007146e+00
   3.3872114e+00   7.7006095e+00
   3.2883486e+00   7.5533894e+00
   3.2869462e+00   7.5529913e+00
   3.1885477e+00   7.5488836e+00
   3.1890119e+00   7.5499660e+00
   3.0892966e+00   7.2999677e+00
   3.0884535e+00   7.3000433e+00
   2.9897669e+00   7.2948398e+00
   2.9886290e+00   7.2945046e+00
   2.8901667e+00   6.9349773e+00
   2.8890691e+00   6.9348523e+00
   2.7911188e+00   6.9530736e+00
   2.7903418e+00   6.9539726e+00
   2.6909875e+00   6.4435279e+00
   2.6906479e+00   6.4431580e+00
   2.5919183e+00   6.4355859e+00
   2.5912848e+00   6.4355218e+00
   2.4923014e+00   5.8141633e+00
   2.4916311e+00   5.8141469e+00
   2.3930432e+00   5.8021593e+00
   2.3924899e+00   5.8022719e+00
   2.2925369e+00   5.0810225e+00
   2.2916401e+00   5.0806856e+00
   2.1937514e+00   5.0794562e+00
   2.1924657e+00   5.0795360e+00
   2.0942063e+00   4.1871525e+00
   2.0934434e+00   4.1869748e+00
   1.9953195e+00   4.2217010e+00
   1.9944662e+00   4.2215213e+00
   1.8952028e+00   3.2912585e+00
   1.8946964e+00   3.2911241e+00
