   4.3481524e+01  -7.2003100e-01
   4.0209403e+01   6.2690730e+00
   4.0146199e+01   6.2466650e+00
   3.6868485e+01   5.3750240e+00
   3.6806599e+01   6.1364870e+00
   3.3532342e+01   6.0236500e+00
   3.3473273e+01   4.0239760e+00
   3.0194463e+01   4.3935540e+00
   3.0137630e+01   4.4113340e+00
   2.9133439e+01   3.6770230e+00
   2.9108005e+01   3.6552750e+00
   2.8604698e+01   3.9643710e+00
   2.8594847e+01   3.5143040e+00
   2.8090015e+01   3.8106860e+00
   2.8082800e+01   3.4041010e+00
   2.7581255e+01   3.6997100e+00
   2.7575443e+01   3.2827580e+00
   2.7074993e+01   3.5740680e+00
   2.7070019e+01   3.1789090e+00
   2.6570422e+01   3.0968130e+00
   2.6559844e+01   3.0778070e+00
   2.6065851e+01   2.9780010e+00
   2.6056372e+01   2.9425730e+00
   2.5560782e+01   3.2169670e+00
   2.5557813e+01   2.8505780e+00
   2.5058113e+01   3.0066780e+00
   2.5054606e+01   2.6832590e+00
   2.4556208e+01   2.6276460e+00
   2.4547809e+01   2.6113860e+00
   2.4051999e+01   2.9036690e+00
   2.4050708e+01   2.5992170e+00
   2.3550689e+01   2.7576280e+00
   2.3548223e+01   2.4875500e+00
   2.3048739e+01   2.6945470e+00
   2.3046104e+01   2.4395190e+00
   2.2547877e+01   2.3461980e+00
   2.2540576e+01   2.3373220e+00
   2.2044813e+01   2.2981590e+00
   2.2043024e+01   2.0501200e+00
   2.1543547e+01   2.2156050e+00
   2.1541487e+01   2.0046320e+00
   2.1042637e+01   2.1818990e+00
   2.1039804e+01   2.0002070e+00
   2.0541023e+01   2.1430370e+00
   2.0538363e+01   2.1525200e+00
   2.0043686e+01   2.1057140e+00
   2.0037095e+01   2.1145830e+00
   1.9542010e+01   2.2362420e+00
   1.9535931e+01   2.2420200e+00
   1.9041165e+01   2.2056389e+00
   1.9034522e+01   2.2282927e+00
   1.8540482e+01   2.0217378e+00
   1.8534810e+01   2.0354968e+00
   1.8040296e+01   2.1787509e+00
   1.8033700e+01   2.1858769e+00
   1.7539159e+01   2.0594744e+00
   1.7532291e+01   2.0815970e+00
   1.7039055e+01   2.2384310e+00
   1.7032546e+01   2.2472042e+00
   1.6534203e+01   2.2213124e+00
   1.6527744e+01   2.2276728e+00
   1.6034845e+01   2.3826912e+00
   1.6028709e+01   2.3923342e+00
   1.5536110e+01   2.3754180e+00
   1.5529425e+01   2.3907637e+00
   1.5037733e+01   2.5514675e+00
   1.5031095e+01   2.5571982e+00
   1.4536904e+01   2.5584341e+00
   1.4530515e+01   2.5641893e+00
   1.4037054e+01   2.7372511e+00
   1.4030091e+01   2.7541278e+00
   1.3537683e+01   2.8300340e+00
   1.3530780e+01   2.8387600e+00
   1.3037404e+01   3.0025411e+00
   1.3031054e+01   3.0113734e+00
   1.2537704e+01   3.1300925e+00
   1.2531482e+01   3.1451341e+00
   1.2038522e+01   3.2943056e+00
   1.2031551e+01   3.3070613e+00
   1.1539084e+01   3.5231805e+00
   1.1532558e+01   3.5251579e+00
   1.1039713e+01   3.7649535e+00
   1.1033134e+01   3.7665375e+00
   1.0540431e+01   4.0060923e+00
   1.0534557e+01   4.0072180e+00
   1.0041269e+01   4.1454701e+00
   1.0035692e+01   4.1504232e+00
   9.8898600e+00   4.3298391e+00
   9.8921565e+00   4.3274456e+00
   9.7909559e+00   4.4097416e+00
   9.7888335e+00   4.4100068e+00
   9.6900693e+00   4.4522204e+00
   9.6871248e+00   4.4507188e+00
   9.5850855e+00   4.5069541e+00
   9.5869445e+00   4.5057729e+00
   9.4865110e+00   4.5968212e+00
   9.4850759e+00   4.5979987e+00
   9.3853447e+00   4.6308088e+00
   9.3842435e+00   4.6323358e+00
   9.2849511e+00   4.6582462e+00
   9.2831108e+00   4.6580688e+00
   9.1840162e+00   4.7566450e+00
   9.1823427e+00   4.7569973e+00
   9.0834554e+00   4.7820905e+00
   9.0818396e+00   4.7800960e+00
   8.9827435e+00   4.8870946e+00
   8.9815216e+00   4.8868966e+00
   8.8825272e+00   4.9154045e+00
   8.8809239e+00   4.9173656e+00
   8.7819758e+00   5.0230830e+00
   8.7808723e+00   5.0218903e+00
   8.6819709e+00   5.0426475e+00
   8.6807856e+00   5.0413292e+00
   8.5816244e+00   5.1714288e+00
   8.5804398e+00   5.1693049e+00
   8.4816287e+00   5.1823025e+00
   8.4804806e+00   5.1807491e+00
   8.3817342e+00   5.3070403e+00
   8.3801034e+00   5.3064950e+00
   8.2817533e+00   5.3283289e+00
   8.2807536e+00   5.3290795e+00
   8.1814598e+00   5.4460567e+00
   8.1803981e+00   5.4466882e+00
   8.0817762e+00   5.4716685e+00
   8.0808522e+00   5.4712221e+00
   7.9815698e+00   5.5899093e+00
   7.9804553e+00   5.5905258e+00
   7.8815519e+00   5.6092060e+00
   7.8803570e+00   5.6098119e+00
   7.7812995e+00   5.7258255e+00
   7.7803293e+00   5.7268972e+00
   7.6816221e+00   5.7445428e+00
   7.6808906e+00   5.7451396e+00
   7.5818563e+00   5.8759114e+00
   7.5809192e+00   5.8775828e+00
   7.4818284e+00   5.8881294e+00
   7.4806190e+00   5.8876511e+00
   7.3820022e+00   6.0176146e+00
   7.3809323e+00   6.0142906e+00
   7.2823952e+00   6.0258639e+00
   7.2810920e+00   6.0265679e+00
   7.1823836e+00   6.1524293e+00
   7.1796796e+00   6.1567417e+00
   7.0813085e+00   6.1614752e+00
   7.0806881e+00   6.1622537e+00
   6.9816160e+00   6.2831939e+00
   6.9811007e+00   6.2828882e+00
   6.8822350e+00   6.3009747e+00
   6.8806467e+00   6.2986361e+00
   6.7823336e+00   6.4131307e+00
   6.7810444e+00   6.4136730e+00
   6.6826725e+00   6.4241858e+00
   6.6847266e+00   6.4237537e+00
   6.5834631e+00   6.5260812e+00
   6.5817003e+00   6.5459492e+00
   6.4841110e+00   6.5416033e+00
   6.4869103e+00   6.5560210e+00
   6.3818554e+00   6.6429017e+00
   6.3810768e+00   6.6445169e+00
   6.2820336e+00   6.7348585e+00
   6.2807900e+00   6.7363492e+00
   6.1826623e+00   6.7510673e+00
   6.1852183e+00   6.7519787e+00
   6.0837723e+00   6.8202244e+00
   6.0813541e+00   6.8204116e+00
   5.9827049e+00   6.8396299e+00
   5.9815656e+00   6.8392794e+00
   5.8829182e+00   6.8938387e+00
   5.8823442e+00   6.8951018e+00
   5.7831670e+00   6.9136402e+00
   5.7820407e+00   6.9120650e+00
   5.6835732e+00   6.9791662e+00
   5.6828005e+00   6.9794547e+00
   5.5832997e+00   6.9614646e+00
   5.5826012e+00   6.9624188e+00
   5.4838074e+00   7.0047952e+00
   5.4826144e+00   7.0052661e+00
   5.3842017e+00   6.9995926e+00
   5.3830298e+00   7.0016117e+00
   5.2840028e+00   7.0266985e+00
   5.2835575e+00   7.0267937e+00
   5.1848669e+00   7.0330639e+00
   5.1832655e+00   7.0322003e+00
   5.0850140e+00   7.0202554e+00
   5.0837642e+00   7.0193466e+00
   4.9850132e+00   7.0366624e+00
   4.9835714e+00   7.0349630e+00
   4.8853123e+00   6.9947315e+00
   4.8840024e+00   6.9952272e+00
   4.7852897e+00   6.9782964e+00
   4.7848199e+00   6.9754942e+00
   4.6852902e+00   6.9412887e+00
   4.6843772e+00   6.9412973e+00
   4.5856277e+00   6.9494745e+00
   4.5853645e+00   6.9511059e+00
   4.4862962e+00   6.8448010e+00
   4.4861645e+00   6.8487990e+00
   4.3862599e+00   6.8471633e+00
   4.3857141e+00   6.8481807e+00
   4.2875823e+00   6.6894693e+00
   4.2857517e+00   6.6862609e+00
   4.1867175e+00   6.7138305e+00
   4.1860340e+00   6.7135954e+00
   4.0868657e+00   6.5154230e+00
   4.0861178e+00   6.5150829e+00
   3.9875438e+00   6.5106659e+00
   3.9868694e+00   6.5100020e+00
   3.8880766e+00   6.3148285e+00
   3.8869928e+00   6.3158908e+00
   3.7882709e+00   6.3198798e+00
   3.7873369e+00   6.3201453e+00
   3.6896252e+00   6.0495488e+00
   3.6881085e+00   6.0485080e+00
   3.5895279e+00   6.0348497e+00
   3.5887332e+00   6.0361689e+00
   3.4889245e+00   5.7120818e+00
   3.4881518e+00   5.7119411e+00
   3.3884565e+00   5.7175953e+00
   3.3872114e+00   5.7174902e+00
   3.2883486e+00   5.3576809e+00
   3.2869462e+00   5.3572828e+00
   3.1885477e+00   5.3681371e+00
   3.1890119e+00   5.3692195e+00
   3.0892966e+00   4.9691946e+00
   3.0884535e+00   4.9692701e+00
   2.9897669e+00   4.9762258e+00
   2.9886290e+00   4.9758906e+00
   2.8901667e+00   4.5287704e+00
   2.8890691e+00   4.5286454e+00
   2.7911188e+00   4.5516101e+00
   2.7903418e+00   4.5525091e+00
   2.6909875e+00   4.1115998e+00
   2.6906479e+00   4.1112299e+00
   2.5919183e+00   4.1025798e+00
   2.5912848e+00   4.1025157e+00
   2.4923014e+00   3.6409721e+00
   2.4916311e+00   3.6409557e+00
   2.3930432e+00   3.6390803e+00
   2.3924899e+00   3.6391929e+00
   2.2925369e+00   3.2132585e+00
   2.2916401e+00   3.2129216e+00
   2.1937514e+00   3.1843217e+00
   2.1924657e+00   3.1844015e+00
   2.0942063e+00   2.7238702e+00
   2.0934434e+00   2.7236925e+00
   1.9953195e+00   2.7367459e+00
   1.9944662e+00   2.7365662e+00
   1.8952028e+00   2.2620538e+00
   1.8946964e+00   2.2619194e+00
