   4.0684329e+01   5.8728845e+04
   4.0593266e+01   5.8527554e+04
   3.9976849e+01   5.7108615e+04
   3.9925571e+01   5.7076636e+04
   3.9357751e+01   5.5659898e+04
   3.9318162e+01   5.5675116e+04
   3.8772981e+01   5.4243581e+04
   3.8736252e+01   5.4329157e+04
   3.8206648e+01   5.2942065e+04
   3.8173272e+01   5.2958424e+04
   3.7649158e+01   5.1585733e+04
   3.7615703e+01   5.1638936e+04
   3.7098230e+01   5.0269322e+04
   3.7068217e+01   5.0364174e+04
   3.6561364e+01   4.8997019e+04
   3.6531297e+01   4.9066424e+04
   3.6024216e+01   4.7729104e+04
   3.5998291e+01   4.7771936e+04
   3.5492722e+01   4.6430819e+04
   3.5466681e+01   4.6530804e+04
   3.4964104e+01   4.5203989e+04
   3.4936929e+01   4.5252674e+04
   3.4434034e+01   4.3942111e+04
   3.4407694e+01   4.4004476e+04
   3.3909216e+01   4.2691989e+04
   3.3884640e+01   4.2769983e+04
   3.3383336e+01   4.1464593e+04
   3.3360298e+01   4.1517273e+04
   3.2858895e+01   4.0166570e+04
   3.2838991e+01   4.0212967e+04
   3.2337287e+01   3.8945413e+04
   3.2319341e+01   3.8979519e+04
   3.1817158e+01   3.7730471e+04
   3.1798208e+01   3.7747011e+04
   3.1297660e+01   3.6488306e+04
   3.1279804e+01   3.6516401e+04
   3.0778434e+01   3.5249572e+04
   3.0761064e+01   3.5297917e+04
   3.0259759e+01   3.4059610e+04
   3.0242978e+01   3.4068608e+04
   2.9741482e+01   3.2847671e+04
   2.9726111e+01   3.2880588e+04
   2.9224153e+01   3.1661808e+04
   2.9209479e+01   3.1690762e+04
   2.8707125e+01   3.0480672e+04
   2.8693331e+01   3.0519084e+04
   2.8191106e+01   2.9299243e+04
   2.8177628e+01   2.9327718e+04
   2.7675188e+01   2.8145116e+04
   2.7662071e+01   2.8162296e+04
   2.7159576e+01   2.7003487e+04
   2.7147735e+01   2.7013421e+04
   2.6644270e+01   2.5860711e+04
   2.6631889e+01   2.5887102e+04
   2.6128844e+01   2.4733604e+04
   2.6117114e+01   2.4761139e+04
   2.5614210e+01   2.3638762e+04
   2.5603403e+01   2.3647878e+04
   2.5099882e+01   2.2547074e+04
   2.5089800e+01   2.2549775e+04
   2.4585587e+01   2.1474486e+04
   2.4575637e+01   2.1479354e+04
   2.4071197e+01   2.0411381e+04
   2.4062302e+01   2.0428679e+04
   2.3557384e+01   1.9369724e+04
   2.3548339e+01   1.9376969e+04
   2.3043733e+01   1.8365386e+04
   2.3034911e+01   1.8366618e+04
   2.2530317e+01   1.7363853e+04
   2.2522828e+01   1.7375351e+04
   2.2017632e+01   1.6387554e+04
   2.2009311e+01   1.6392975e+04
   2.1504323e+01   1.5436308e+04
   2.1496979e+01   1.5429191e+04
   2.0991700e+01   1.4515477e+04
   2.0984955e+01   1.4503394e+04
   2.0479236e+01   1.3591859e+04
   2.0472017e+01   1.3592413e+04
   1.9966905e+01   1.2730669e+04
   1.9960137e+01   1.2722882e+04
   1.9464917e+01   1.1912547e+04
   1.9459333e+01   1.1903884e+04
   1.9259314e+01   1.1590439e+04
   1.9256573e+01   1.1585289e+04
   1.9057762e+01   1.1281700e+04
   1.9054542e+01   1.1267664e+04
   1.8856962e+01   1.0973093e+04
   1.8854623e+01   1.0965292e+04
   1.8656645e+01   1.0663960e+04
   1.8654227e+01   1.0664277e+04
   1.8457154e+01   1.0381442e+04
   1.8455305e+01   1.0371297e+04
   1.8257511e+01   1.0088745e+04
   1.8255965e+01   1.0089372e+04
   1.8058462e+01   9.8053192e+03
   1.8056570e+01   9.8099543e+03
   1.7858930e+01   9.5272619e+03
   1.7857454e+01   9.5295186e+03
   1.7660107e+01   9.2609553e+03
   1.7658005e+01   9.2545217e+03
   1.7461143e+01   8.9951234e+03
   1.7459604e+01   8.9882405e+03
   1.7262128e+01   8.7320207e+03
   1.7260504e+01   8.7341027e+03
   1.7064168e+01   8.4781315e+03
   1.7062290e+01   8.4756401e+03
   1.6865322e+01   8.2315401e+03
   1.6863836e+01   8.2290162e+03
   1.6662336e+01   7.9822744e+03
   1.6660599e+01   7.9768929e+03
   1.6463947e+01   7.7411901e+03
   1.6462278e+01   7.7387808e+03
   1.6265980e+01   7.5067340e+03
   1.6264344e+01   7.5054046e+03
   1.6068027e+01   7.2815953e+03
   1.6066004e+01   7.2762014e+03
   1.5870257e+01   7.0550064e+03
   1.5868676e+01   7.0518624e+03
   1.5672699e+01   6.8372067e+03
   1.5671125e+01   6.8397547e+03
   1.5474997e+01   6.6298780e+03
   1.5473464e+01   6.6309384e+03
   1.5277277e+01   6.4342108e+03
   1.5275921e+01   6.4254428e+03
   1.5079586e+01   6.2312786e+03
   1.5078195e+01   6.2303169e+03
   1.4881971e+01   6.0445519e+03
   1.4880422e+01   6.0446462e+03
   1.4682849e+01   5.8683852e+03
   1.4682581e+01   5.8675060e+03
   1.4484790e+01   5.7036045e+03
   1.4483352e+01   5.7032281e+03
   1.4286664e+01   5.5390393e+03
   1.4285192e+01   5.5427194e+03
   1.4089007e+01   5.3845983e+03
   1.4087396e+01   5.3825332e+03
   1.3891110e+01   5.2284357e+03
   1.3889655e+01   5.2327328e+03
   1.3693377e+01   5.0928236e+03
   1.3691884e+01   5.0962860e+03
   1.3495278e+01   4.9599448e+03
   1.3494210e+01   4.9577725e+03
   1.3297354e+01   4.8388976e+03
   1.3296110e+01   4.8336688e+03
   1.3099622e+01   4.7147227e+03
   1.3098491e+01   4.7161239e+03
   1.2902271e+01   4.6062394e+03
   1.2901203e+01   4.6075658e+03
   1.2704753e+01   4.5005956e+03
   1.2703318e+01   4.5003763e+03
   1.2507134e+01   4.4092304e+03
   1.2505974e+01   4.4122724e+03
   1.2309796e+01   4.3232872e+03
   1.2308773e+01   4.3276713e+03
   1.2112552e+01   4.2490954e+03
   1.2111459e+01   4.2539441e+03
   1.1914941e+01   4.1800364e+03
   1.1913855e+01   4.1787559e+03
   1.1717264e+01   4.1195250e+03
   1.1716185e+01   4.1166664e+03
   1.1519665e+01   4.0649162e+03
   1.1518985e+01   4.0653387e+03
   1.1322246e+01   4.0264072e+03
   1.1321646e+01   4.0231866e+03
   1.1124944e+01   3.9835992e+03
   1.1124225e+01   3.9822132e+03
   1.0927535e+01   3.9600684e+03
   1.0926928e+01   3.9578524e+03
   1.0730179e+01   3.9387450e+03
   1.0729865e+01   3.9351735e+03
   1.0532969e+01   3.9246740e+03
   1.0532710e+01   3.9271343e+03
   1.0335902e+01   3.9181907e+03
   1.0335643e+01   3.9178980e+03
   1.0138635e+01   3.9108045e+03
   1.0138316e+01   3.9125565e+03
   9.9119811e+00   3.8492219e+03
   9.8994183e+00   3.9466632e+03
   9.7098947e+00   3.9564955e+03
   9.7088389e+00   3.9424356e+03
   9.5124944e+00   3.9728512e+03
   9.5100634e+00   3.9564338e+03
   9.3142997e+00   3.9992395e+03
   9.3135993e+00   4.0099489e+03
   9.1159387e+00   4.0630920e+03
   9.1165447e+00   4.0592293e+03
   8.9181068e+00   4.1260826e+03
   8.9189607e+00   4.1170563e+03
   8.7210855e+00   4.1856894e+03
   8.7216953e+00   4.1852165e+03
   8.5240571e+00   4.2615928e+03
   8.5247861e+00   4.2614266e+03
   8.3270648e+00   4.3432599e+03
   8.3279204e+00   4.3520387e+03
   8.1300665e+00   4.4409413e+03
   8.1308046e+00   4.4341404e+03
   7.9330628e+00   4.5360561e+03
   7.9340298e+00   4.5400097e+03
   7.7358131e+00   4.6438358e+03
   7.7368358e+00   4.6367322e+03
   7.5383405e+00   4.7594174e+03
   7.5399802e+00   4.7624191e+03
   7.3415806e+00   4.8771718e+03
   7.3427424e+00   4.8939780e+03
   7.1444324e+00   5.0274428e+03
   7.1458964e+00   5.0305131e+03
   6.9472351e+00   5.1805152e+03
   6.9493436e+00   5.1712102e+03
   6.7502823e+00   5.3277777e+03
   6.7525879e+00   5.3418238e+03
   6.5540613e+00   5.4865858e+03
   6.5557936e+00   5.4872447e+03
   6.3556967e+00   5.6582088e+03
   6.3576880e+00   5.6529496e+03
   6.1589874e+00   5.8468747e+03
   6.1607816e+00   5.8580951e+03
   5.9621830e+00   6.0187302e+03
   5.9642659e+00   6.0260654e+03
   5.7649102e+00   6.2180571e+03
   5.7666934e+00   6.2144693e+03
   5.5677440e+00   6.4234808e+03
   5.5708774e+00   6.4086844e+03
   5.3711735e+00   6.6061884e+03
   5.3732086e+00   6.6030256e+03
   5.1743204e+00   6.8005762e+03
   5.1764850e+00   6.7911413e+03
   4.9776270e+00   6.9957465e+03
   4.9795405e+00   6.9867687e+03
   4.7809447e+00   7.1749005e+03
   4.7829470e+00   7.1728575e+03
   4.5841553e+00   7.3577434e+03
   4.5861634e+00   7.3493630e+03
   4.3873428e+00   7.5010469e+03
   4.3891830e+00   7.5077584e+03
   4.1906772e+00   7.6500610e+03
   4.1928721e+00   7.6379474e+03
   3.9941813e+00   7.7776005e+03
   3.9963310e+00   7.7319261e+03
   3.7976876e+00   7.7944194e+03
   3.7996162e+00   7.7808864e+03
   3.6017932e+00   7.7821787e+03
   3.6032052e+00   7.7884561e+03
   3.4034923e+00   7.7350057e+03
   3.4049855e+00   7.7087795e+03
   3.2069064e+00   7.5666523e+03
   3.2083908e+00   7.5542147e+03
   3.0105903e+00   7.3038084e+03
   3.0115078e+00   7.3266833e+03
   2.8144515e+00   6.9511252e+03
   2.8152247e+00   6.9520070e+03
   2.6185110e+00   6.4949674e+03
   2.6188564e+00   6.4659921e+03
   2.4223861e+00   5.8593349e+03
   2.4226417e+00   5.8505096e+03
   2.2262655e+00   5.1159705e+03
   2.2259301e+00   5.0904625e+03
   2.0306765e+00   4.2502351e+03
   2.0295720e+00   4.2279361e+03
   1.8330022e+00   3.2693324e+03
   1.8325140e+00   3.2910427e+03
